1731908862363 -0.061853 0
1731908862990 0.038713 1
1731908863488 0.074831 2
1731908863921 -0.453723 3
1731908864316 -0.452746 4
1731908864709 -0.735679 5
1731908865106 0.086469 6
1731908865504 -0.281833 7
1731908865909 -0.893768 8
1731908866297 -0.58582 9
1731908866670 -0.685862 10
1731908867077 -0.634548 11
1731908867494 -0.005048 12
1731908867903 0.015384 13
1731908868292 -0.265453 14
1731908868688 0.031563 15
1731908869104 -0.320492 16
1731908869488 -0.799522 17
1731908869893 0.097058 18
1731908870279 -0.009234 19
1731908870658 -0.676613 20
1731908871043 0.010538 21
1731908871428 -0.776928 22
1731908871848 0.052523 23
1731908872268 -0.149844 24
1731908872658 -0.021497 25
1731908873043 -1.642978 26
1731908873421 0.393109 27
1731908873795 -0.037338 28
1731908874211 -0.784822 29
1731908874609 -0.205241 30
1731908875000 -0.120846 31
1731908875375 -0.593695 32
1731908875754 -0.53208 33
1731908876214 0.129187 34
1731908876621 0.116347 35
1731908877045 0.017007 36
1731908877419 0.041409 37
1731908877834 -0.630667 38
1731908878258 -0.096634 39
1731908878667 0.098546 40
1731908879068 -0.509464 41
1731908879518 -0.911486 42
1731908879936 0.031083 43
1731908880352 -0.059771 44
1731908880841 -0.111117 45
1731908881305 -0.622414 46
1731908881860 -0.081359 47
1731908882322 -0.442209 48
1731908882747 0.000666 49
1731908883211 -0.586701 50
1731908883701 -0.003656 51
1731908884166 -0.534557 52
1731908884642 -0.408197 53
1731908885095 -0.316229 54
1731908885531 -0.723182 55
1731908886009 -0.293936 56
1731908886383 -0.35066 57
1731908886750 -0.326872 58
1731908887160 -1.078977 59
1731908887550 0.304617 60
1731908887923 -0.82021 61
1731908888299 -0.167088 62
1731908888694 -0.947465 63
1731908889065 -0.114566 64
1731908889466 -0.908967 65
1731908889851 -0.021283 66
1731908890258 -0.543357 67
1731908890630 -0.206231 68
1731908891021 -0.283157 69
1731908891401 -0.233553 70
1731908891791 -0.564173 71
1731908892218 -0.520944 72
1731908892608 -0.890737 73
1731908893028 -0.39704 74
1731908893417 -0.965601 75
1731908893801 0.075094 76
1731908894194 -1.144719 77
1731908894595 -0.795335 78
1731908895008 -1.00487 79
1731908895400 -0.572462 80
1731908895812 0.363354 81
1731908896209 -0.510699 82
1731908896629 -0.537802 83
1731908897052 0.06308 84
1731908897489 -0.354496 85
1731908897942 0.151094 86
1731908898368 -0.037672 87
1731908898775 -0.769848 88
1731908899193 -0.085591 89
1731908899592 -0.180502 90
1731908899989 -0.019316 91
1731908900392 -1.187089 92
1731908900799 -0.717007 93
1731908901203 -0.067125 94
1731908901638 -0.01853 95
1731908902109 -0.063269 96
1731908902514 0.079325 97
1731908902923 -0.887689 98
1731908903345 -0.207896 99
1731908903781 -0.345761 100
1731908904188 -0.824218 101
1731908904597 0.073116 102
1731908905022 -0.057227 103
1731908905445 -0.476098 104
1731908905893 -0.277276 105
1731908906298 -0.180998 106
1731908906713 -0.042999 107
1731908907120 -0.112298 108
1731908907561 -0.275609 109
1731908907946 -0.325377 110
1731908908347 -1.049743 111
1731908908744 -0.597819 112
1731908909199 -0.263615 113
1731908909636 -0.203303 114
1731908910053 -0.142081 115
1731908910468 -1.049766 116
1731908910903 0.089112 117
1731908911327 0.270637 118
1731908911690 -0.982892 119
1731908912091 -0.881076 120
1731908912470 -0.324351 121
1731908912876 -0.043788 122
1731908913280 0.104047 123
1731908913699 -1.171446 124
1731908914135 -0.490571 125
1731908914535 0.043899 126
1731908914967 0.002934 127
1731908915361 -0.742269 128
1731908915807 -0.006047 129
1731908916233 -0.597792 130
1731908916651 -0.231202 131
1731908917023 -0.16692 132
1731908917421 -0.063518 133
1731908917900 -0.227111 134
1731908918331 -0.181425 135
1731908918754 0.254097 136
1731908919185 -0.126574 137
1731908919563 0.144817 138
1731908919957 -0.003609 139
1731908920419 -0.204458 140
1731908920830 0.061849 141
1731908921233 0.097703 142
1731908921611 -0.09953 143
1731908922035 -0.099918 144
1731908922484 -0.25146 145
1731908922911 0.122869 146
1731908923369 -0.676113 147
1731908923828 -0.873929 148
1731908924275 -0.795345 149
1731908924677 0.072986 150
1731908925099 -0.205912 151
1731908925501 -0.763673 152
1731908925931 0.033582 153
1731908926336 0.126096 154
1731908926708 -0.196918 155
1731908927122 -0.038447 156
1731908927525 -0.051168 157
1731908927965 -1.249102 158
1731908928381 0.087077 159
1731908928805 -0.307275 160
1731908929269 -0.036596 161
1731908929729 -0.011921 162
1731908930207 -0.324845 163
1731908930648 -0.237851 164
1731908931054 -0.740169 165
1731908931484 -0.072779 166
1731908931880 -0.300047 167
1731908932283 -0.071065 168
1731908932682 0.075139 169
1731908933126 -0.248236 170
1731908933548 -0.050275 171
1731908933913 -0.179747 172
1731908934316 -0.147296 173
1731908934773 -0.132829 174
1731908935197 0.033154 175
1731908935661 0.079901 176
1731908936115 0.116655 177
1731908936523 -0.067826 178
1731908936907 -0.044274 179
1731908937284 -1.251132 180
1731908937679 -0.060905 181
1731908938108 -1.191425 182
1731908938499 -0.087548 183
1731908938920 -0.494787 184
1731908939329 -0.057119 185
1731908939698 -0.614865 186
1731908940087 -0.061412 187
1731908940502 -0.556398 188
1731908940898 -0.642741 189
1731908941282 -0.95365 190
1731908941689 -0.512967 191
1731908942094 -0.623255 192
1731908942521 -0.03529 193
1731908942923 -0.54557 194
1731908943336 -0.061284 195
1731908943707 -0.900273 196
1731908944143 -0.137269 197
1731908944614 0.049344 198
1731908944972 -0.707475 199
1731908945374 -0.606632 200
1731908945802 0.187267 201
1731908946185 0.076727 202
1731908946560 -0.639146 203
1731908946960 -0.974264 204
1731908947372 0.093961 205
1731908947808 -0.095956 206
1731908948270 -0.27471 207
1731908948732 -0.264743 208
1731908949231 -0.72337 209
1731908949652 -0.449649 210
1731908950073 -0.706587 211
1731908950491 -0.138552 212
1731908950877 -0.872696 213
1731908951322 0.015448 214
1731908951736 -0.96255 215
1731908952145 0.176306 216
1731908952512 0.110526 217
1731908952941 -0.101047 218
1731908953344 -0.023514 219
1731908953775 -0.027521 220
1731908954193 -0.284407 221
1731908954579 -0.451171 222
1731908954966 -0.111234 223
1731908955369 -0.295268 224
1731908955788 -0.217292 225
1731908956228 -0.47617 226
1731908956652 -0.023197 227
1731908957042 -0.980496 228
1731908957449 0.052218 229
1731908957833 -0.014231 230
1731908958210 -1.542444 231
1731908958605 -0.927515 232
1731908959061 -0.137808 233
1731908959481 -0.836673 234
1731908959971 -0.120825 235
1731908960611 -0.199908 236
1731908961318 0.092066 237
1731908961760 -0.741516 238
1731908962179 -0.104623 239
1731908962652 -0.256356 240
1731908963100 0.025752 241
1731908963539 -0.543268 242
1731908963946 -0.71422 243
1731908964386 -0.226656 244
1731908964766 -0.680243 245
1731908965170 0.041124 246
1731908965554 -0.127609 247
1731908965905 0.042546 248
1731908966303 -0.018954 249
1731908966735 -1.005118 250
1731908967134 -0.653387 251
1731908967577 -0.132572 252
1731908967983 -0.443272 253
1731908968395 -0.873237 254
1731908968827 0.020636 255
1731908969170 -0.347085 256
1731908969573 -0.036136 257
1731908969985 -0.020985 258
1731908970388 -0.352557 259
1731908970778 -1.014628 260
1731908971224 -0.087428 261
1731908971738 -0.40962 262
1731908972235 -0.025447 263
1731908972686 -0.457638 264
1731908973135 0.17214 265
1731908973615 0.099694 266
1731908974045 -0.545428 267
1731908974493 0.153766 268
1731908975003 -0.412939 269
1731908975484 -0.780237 270
1731908975936 -0.747362 271
1731908976412 -0.258996 272
1731908976873 -0.969094 273
1731908977346 -0.131606 274
1731908977801 0.213264 275
1731908978259 0.051515 276
1731908978766 0.307079 277
1731908979239 0.027649 278
1731908979707 -0.72284 279
1731908980158 -0.54353 280
1731908980709 -0.026354 281
1731908981165 -0.033711 282
1731908981650 -0.136156 283
1731908982105 -0.055257 284
1731908982548 0.047701 285
1731908983091 -0.36271 286
1731908983514 -0.934508 287
1731908983973 -0.624246 288
1731908984431 0.03941 289
1731908984910 -0.38619 290
1731908985349 0.070702 291
1731908985774 -0.641051 292
1731908986178 0.08354 293
1731908986581 0.036796 294
1731908987000 -0.771229 295
1731908987413 -0.551392 296
1731908987852 -0.143764 297
1731908988296 -0.015274 298
1731908988718 -0.341351 299
1731908989165 -0.153567 300
1731908989552 -0.845265 301
1731908989955 -0.063886 302
1731908990390 -0.11854 303
1731908990845 -0.635633 304
1731908991286 -0.84614 305
1731908991705 -0.649918 306
1731908992141 -0.979898 307
1731908992579 -1.146891 308
1731908993042 0.425326 309
1731908993508 -0.340055 310
1731908993939 -0.196545 311
1731908994353 -0.864474 312
1731908994817 -0.920118 313
1731908995233 -0.027305 314
1731908995643 -0.199973 315
1731908996097 -0.805119 316
1731908996519 0.141069 317
1731908996915 -0.472782 318
1731908997309 -0.0935 319
1731908997710 0.103864 320
1731908998134 -0.727549 321
1731908998553 -0.125467 322
1731908998972 -0.774859 323
1731908999400 -0.068307 324
1731908999832 -0.37062 325
1731909000249 -0.753694 326
1731909000674 -1.16482 327
1731909001083 -0.765583 328
1731909001510 -1.182537 329
1731909001930 -0.41115 330
1731909002355 -0.669095 331
1731909002746 -0.74854 332
1731909003174 -0.085939 333
1731909003581 0.098785 334
1731909003978 -0.098382 335
1731909004400 -0.929902 336
1731909004813 -0.039875 337
1731909005233 -0.069858 338
1731909005633 -0.779522 339
1731909006052 -0.383869 340
1731909006451 -0.059335 341
1731909006857 -0.523539 342
1731909007238 -0.283655 343
1731909007618 -0.223036 344
1731909008057 -0.518227 345
1731909008451 -0.643702 346
1731909008845 -0.001336 347
1731909009268 -0.666487 348
1731909009668 -0.135715 349
1731909010080 -0.582684 350
1731909010485 -0.701974 351
1731909010900 -0.585576 352
1731909011306 -0.076804 353
1731909011720 -0.657619 354
1731909012130 0.0435 355
1731909012543 -0.188965 356
1731909012971 -0.039511 357
1731909013399 -0.187441 358
1731909013793 0.055054 359
1731909014213 -0.233953 360
1731909014643 -0.260215 361
1731909015070 -0.873503 362
1731909015478 0.042653 363
1731909015888 -0.677853 364
1731909016300 -0.052986 365
1731909016742 0.014252 366
1731909017140 -0.875818 367
1731909017562 -0.10278 368
1731909017966 -1.036881 369
1731909018353 -0.139298 370
1731909018810 -1.696994 371
1731909019211 -0.261559 372
1731909019620 -0.507254 373
1731909020042 -0.159198 374
1731909020444 -0.187706 375
1731909020843 0.014706 376
1731909021242 -0.074801 377
1731909021676 -0.152658 378
1731909022096 -1.520008 379
1731909022519 -0.255132 380
1731909022921 0.074421 381
1731909023348 -0.026693 382
1731909023765 -0.141542 383
1731909024172 -0.666157 384
1731909024584 -0.165361 385
1731909025013 -0.055869 386
1731909025446 -0.23402 387
1731909025870 -1.521867 388
1731909026293 -0.991326 389
1731909026692 -1.174996 390
1731909027114 0.011396 391
1731909027510 -0.186723 392
1731909027933 -0.023311 393
1731909028364 -0.105814 394
1731909028821 -0.145613 395
1731909029280 -0.043791 396
1731909029733 -1.393943 397
1731909030169 -0.896788 398
1731909030581 -0.243249 399
1731909031010 -0.495555 400
1731909031415 -0.697691 401
1731909031795 -0.1156 402
1731909032183 -0.616097 403
1731909032604 -0.228592 404
1731909033006 -0.701206 405
1731909033419 -0.085753 406
1731909033848 -0.03217 407
1731909034287 -0.553244 408
1731909034679 -0.252701 409
1731909035118 -0.933911 410
1731909035543 -0.969904 411
1731909035989 -0.24488 412
1731909036381 -0.527765 413
1731909036811 -0.722895 414
1731909037213 -0.687253 415
1731909037640 -0.157802 416
1731909038086 -0.129375 417
1731909038563 -0.564509 418
1731909038984 -0.187074 419
1731909039416 -0.192881 420
1731909039803 -0.2721 421
1731909040199 -0.841325 422
1731909040657 -0.680686 423
1731909041107 -0.170146 424
1731909041517 -0.185684 425
1731909041904 -1.18912 426
1731909042286 -0.214874 427
1731909042679 -0.618309 428
1731909043061 -0.182413 429
1731909043436 -0.184348 430
1731909043836 -0.166263 431
1731909044222 -0.203545 432
1731909044644 -0.291998 433
1731909045031 -0.246125 434
1731909045453 -0.264143 435
1731909045859 -1.508391 436
1731909046238 -1.699635 437
1731909046678 0.090849 438
1731909047068 0.062644 439
1731909047459 -0.69279 440
1731909047885 -0.205686 441
1731909048307 -0.402996 442
1731909048726 -0.135396 443
1731909049112 -0.418013 444
1731909049527 -0.023622 445
1731909049920 -0.667215 446
1731909050344 -0.03468 447
1731909050743 -0.656857 448
1731909051169 -0.150646 449
1731909051570 -0.173946 450
1731909052001 -0.499246 451
1731909052406 -0.797091 452
1731909052809 -0.285691 453
1731909053213 -0.661308 454
1731909053625 -0.253683 455
1731909054039 -0.167046 456
1731909054490 -0.107192 457
1731909054926 0.058697 458
1731909055379 -0.291091 459
1731909055838 0.154852 460
1731909056337 -0.460324 461
1731909056770 -0.563216 462
1731909057170 -0.105134 463
1731909057612 -0.271897 464
1731909058022 -0.064349 465
1731909058437 -0.087054 466
1731909058838 -0.232862 467
1731909059211 -0.654982 468
1731909059630 -0.119135 469
1731909060025 -0.400793 470
1731909060419 -0.781945 471
1731909060826 0.201249 472
1731909061236 0.350941 473
1731909061661 -0.608349 474
1731909062087 -0.143128 475
1731909062563 -0.000878 476
1731909062957 0.003983 477
1731909063358 -0.263994 478
1731909063774 -0.18346 479
1731909064194 -0.17335 480
1731909064616 0.010624 481
1731909065020 -0.044539 482
1731909065447 -0.091691 483
1731909065836 -0.252561 484
1731909066286 -0.878103 485
1731909066687 0.033547 486
1731909067115 -0.058514 487
1731909067533 0.011755 488
1731909067929 -0.491252 489
1731909068332 0.024294 490
1731909068727 -0.981742 491
1731909069131 -0.265243 492
1731909069539 0.205552 493
1731909069948 -0.087393 494
1731909070379 -0.470719 495
1731909070822 -0.748031 496
1731909071248 -0.615125 497
1731909071672 0.238227 498
1731909072127 -0.837162 499
1731909072515 -1.140211 500
1731909072952 -0.475773 501
1731909073380 -0.038511 502
1731909073770 0.212716 503
1731909074166 0.147259 504
1731909074570 0.008511 505
1731909074963 0.015323 506
1731909075386 -0.468494 507
1731909075844 -0.797731 508
1731909076288 -0.04953 509
1731909076744 -0.037902 510
1731909077165 -0.123069 511
1731909077545 -0.181729 512
1731909077937 -0.645328 513
1731909078376 -0.053807 514
1731909078800 -0.585589 515
1731909079206 -0.702471 516
1731909079609 -0.325255 517
1731909079982 0.086328 518
1731909080395 0.155758 519
1731909080823 -0.01414 520
1731909081217 -0.154283 521
1731909081669 -0.809196 522
1731909082047 -0.096307 523
1731909082440 -0.04743 524
1731909082862 0.11982 525
1731909083288 0.079982 526
1731909083690 -0.576975 527
1731909084080 -0.65477 528
1731909084511 -0.019167 529
1731909084926 -0.081178 530
1731909085336 -0.195108 531
1731909085731 0.297628 532
1731909086145 0.430492 533
1731909086550 0.014612 534
1731909086996 -0.704558 535
1731909087436 0.253234 536
1731909087902 -0.915691 537
1731909088288 -0.598875 538
1731909088662 0.017361 539
1731909089047 0.048819 540
1731909089434 -0.010278 541
1731909089832 -0.202212 542
1731909090284 0.156615 543
1731909090701 -0.925738 544
1731909091106 -0.362779 545
1731909091503 -1.13959 546
1731909091926 -0.453781 547
1731909092300 -0.669205 548
1731909092688 0.173456 549
1731909093091 0.183458 550
1731909093497 0.019998 551
1731909093902 -0.178981 552
1731909094312 0.118689 553
1731909094722 -0.245393 554
1731909095119 -0.793659 555
1731909095555 -0.186143 556
1731909095966 0.09431 557
1731909096359 -0.707135 558
1731909096724 -0.20128 559
1731909097116 -0.062823 560
1731909097504 -0.117636 561
1731909097869 -0.892832 562
1731909098277 0.034263 563
1731909098698 -0.641754 564
1731909099122 -0.291738 565
1731909099519 0.073328 566
1731909099921 -0.624803 567
1731909100310 -0.043098 568
1731909100731 -0.165434 569
1731909101133 -0.078568 570
1731909101519 0.030063 571
1731909101931 -0.3914 572
1731909102333 -0.024598 573
1731909102733 -1.17432 574
1731909103152 -0.022792 575
1731909103587 -0.356568 576
1731909103999 -0.623 577
1731909104397 -0.852347 578
1731909104837 -0.297754 579
1731909105242 -0.072292 580
1731909105646 -0.255686 581
1731909106024 -0.083383 582
1731909106422 -0.398661 583
1731909106803 -0.115146 584
1731909107196 -1.176836 585
1731909107591 -1.104587 586
1731909107967 -0.945538 587
1731909108358 -0.530957 588
1731909108755 -0.031121 589
1731909109155 -0.056469 590
1731909109575 -1.11206 591
1731909109984 -0.103069 592
1731909110381 -0.169796 593
1731909110790 -0.085753 594
1731909111214 0.450635 595
1731909111595 -0.068636 596
1731909111977 -0.182216 597
1731909112355 -0.262702 598
1731909112733 -0.701953 599
1731909113087 -0.239537 600
1731909113483 -0.553331 601
1731909113880 -0.153619 602
1731909114293 -0.111287 603
1731909114679 -0.241915 604
1731909115103 -0.591822 605
1731909115521 -1.032793 606
1731909115906 -0.27404 607
1731909116331 -0.036716 608
1731909116719 -0.860057 609
1731909117146 -0.38412 610
1731909117568 -0.656854 611
1731909117988 -0.252606 612
1731909118421 -0.12405 613
1731909118896 0.31643 614
1731909119310 0.096184 615
1731909119724 -0.502857 616
1731909120163 -0.285397 617
1731909120588 -0.272945 618
1731909121028 0.005176 619
1731909121429 0.16835 620
1731909121831 -0.833493 621
1731909122227 -0.226986 622
1731909122648 -0.936875 623
1731909123037 -0.308318 624
1731909123446 0.014436 625
1731909123823 -0.623172 626
1731909124201 -0.285831 627
1731909124599 0.263102 628
1731909124997 -0.264419 629
1731909125394 -0.768917 630
1731909125826 0.091333 631
1731909126235 -0.137106 632
1731909126649 -0.030319 633
1731909127091 -0.542362 634
1731909127516 -0.094809 635
1731909127949 -0.145635 636
1731909128341 -0.188803 637
1731909128773 -0.071616 638
1731909129168 -1.342569 639
1731909129571 -0.401619 640
1731909129972 -0.361016 641
1731909130362 -0.460346 642
1731909130761 -0.628032 643
1731909131172 -0.254197 644
1731909131592 0.077759 645
1731909132004 -0.400782 646
1731909132495 0.044774 647
1731909132890 -0.395594 648
1731909133275 0.008888 649
1731909133739 0.137891 650
1731909134157 -0.626446 651
1731909134536 -0.864579 652
1731909134946 -0.009523 653
1731909135324 -0.170815 654
1731909135717 -0.521208 655
1731909136099 -0.356556 656
1731909136513 -0.125623 657
1731909136949 -0.244631 658
1731909137379 -0.137772 659
1731909137843 0.002824 660
1731909138273 -0.14079 661
1731909138689 0.213429 662
1731909139098 -0.440526 663
1731909139501 -0.711583 664
1731909139900 -0.247986 665
1731909140301 0.018728 666
1731909140712 -0.396959 667
1731909141128 0.06165 668
1731909141557 -0.687818 669
1731909141971 -0.39248 670
1731909142399 -1.063498 671
1731909142786 -0.432822 672
1731909143195 0.105652 673
1731909143600 -0.81673 674
1731909144001 -0.03449 675
1731909144415 0.154115 676
1731909144836 -0.040433 677
1731909145241 0.195004 678
1731909145675 -0.207602 679
1731909146143 -0.27293 680
1731909146584 -0.283046 681
1731909147004 -1.209043 682
1731909147394 -0.067733 683
1731909147815 0.295066 684
1731909148192 -0.286721 685
1731909148623 -0.058284 686
1731909149011 -0.141428 687
1731909149454 -0.773959 688
1731909149851 -0.237057 689
1731909150285 -0.09182 690
1731909150713 -0.004166 691
1731909151182 -0.305558 692
1731909151575 -0.470498 693
1731909151974 -1.141769 694
1731909152341 -0.410444 695
1731909152721 -0.705046 696
1731909153086 -0.432794 697
1731909153471 -0.031897 698
1731909153905 0.026004 699
1731909154298 -0.479812 700
1731909154703 -0.554735 701
1731909155094 0.071059 702
1731909155528 0.237799 703
1731909155963 -0.51711 704
1731909156409 -0.312355 705
1731909156888 -0.285275 706
1731909157362 -0.302824 707
1731909157745 0.101493 708
1731909158148 -0.547628 709
1731909158596 -0.760767 710
1731909159002 -0.238281 711
1731909159374 -0.002487 712
1731909159784 -0.027652 713
1731909160183 -0.364245 714
1731909160615 -1.285207 715
1731909161089 -1.59812 716
1731909161584 0.028271 717
1731909162046 0.070485 718
1731909162474 -0.252151 719
1731909162855 -0.084453 720
1731909163270 -0.778772 721
1731909163708 -0.732588 722
1731909164140 -0.268306 723
1731909164552 -0.150172 724
1731909164980 -0.217139 725
1731909165376 -0.804187 726
1731909165759 0.04989 727
1731909166144 0.131551 728
1731909166529 -0.410886 729
1731909166954 -0.241664 730
1731909167389 -1.315081 731
1731909167894 -0.892631 732
1731909168394 -0.407923 733
1731909168854 -0.286043 734
1731909169309 0.196329 735
1731909169743 -0.085966 736
1731909170158 -0.362559 737
1731909170543 -0.691765 738
1731909170936 -0.987412 739
1731909171347 -0.35379 740
1731909171808 0.132947 741
1731909172232 -0.123967 742
1731909172620 -0.14255 743
1731909173035 -1.051583 744
1731909173489 -0.70168 745
1731909173932 -0.25637 746
1731909174362 -0.579391 747
1731909174750 -0.309295 748
1731909175190 -0.030915 749
1731909175589 -0.674342 750
1731909176054 -0.037336 751
1731909176450 -0.15168 752
1731909176843 -0.959217 753
1731909177241 0.048082 754
1731909177654 -0.540474 755
1731909178040 -0.68243 756
1731909178440 -0.231832 757
1731909178844 -0.63162 758
1731909179246 -0.688636 759
1731909179648 0.20236 760
1731909180050 0.050833 761
1731909180466 -0.035314 762
1731909180884 -0.975805 763
1731909181292 0.174295 764
1731909181738 0.197002 765
1731909182153 0.118964 766
1731909182566 -0.376275 767
1731909183000 -0.729213 768
1731909183401 0.140941 769
1731909183809 -0.132874 770
1731909184225 -0.547644 771
1731909184643 -0.142111 772
1731909185063 -1.432892 773
1731909185514 -0.005089 774
1731909185957 -0.239042 775
1731909186374 -0.366308 776
1731909186773 -0.642189 777
1731909187166 -0.480219 778
1731909187567 0.02437 779
1731909187987 -0.077573 780
1731909188387 0.091962 781
1731909188812 -0.290636 782
1731909189207 -0.441676 783
1731909189594 -0.038739 784
1731909189964 -0.83574 785
1731909190379 -0.479959 786
1731909190781 0.130982 787
1731909191190 -0.29328 788
1731909191616 -0.220759 789
1731909192006 -0.545874 790
1731909192373 -0.326858 791
1731909192779 -0.081312 792
1731909193183 0.178138 793
1731909193569 -0.072636 794
1731909193972 -0.488636 795
1731909194376 -0.972281 796
1731909194763 0.036226 797
1731909195202 -0.490038 798
1731909195624 -1.086892 799
1731909196013 -1.100244 800
1731909196389 -0.098139 801
1731909196775 -0.294555 802
1731909197168 -0.123756 803
1731909197568 -0.623598 804
1731909197956 0.024531 805
1731909198339 -0.143792 806
1731909198713 -0.695807 807
1731909199121 -0.740457 808
1731909199518 -0.177293 809
1731909199929 0.161832 810
1731909200303 -0.021275 811
1731909200728 -0.919745 812
1731909201121 -0.369982 813
1731909201501 -0.170625 814
1731909201926 -0.883399 815
1731909202324 -0.208788 816
1731909202733 -0.627791 817
1731909203148 -0.218619 818
1731909203580 -0.259954 819
1731909203995 -0.236571 820
1731909204396 0.143875 821
1731909204810 -0.213514 822
1731909205187 -0.306403 823
1731909205563 0.268226 824
1731909205970 -0.979023 825
1731909206335 -0.467877 826
1731909206702 -0.48514 827
1731909207086 0.206595 828
1731909207512 -0.092665 829
1731909207896 -0.602555 830
1731909208300 -0.299159 831
1731909208734 -1.20251 832
1731909209149 -0.303284 833
1731909209644 0.017404 834
1731909210067 0.173212 835
1731909210485 -0.257714 836
1731909210901 -0.532614 837
1731909211310 -0.363106 838
1731909211750 -0.339971 839
1731909212133 -0.21751 840
1731909212500 -1.243496 841
1731909212912 -0.366282 842
1731909213387 -0.088329 843
1731909213794 -1.658995 844
1731909214175 -0.393238 845
1731909214574 -0.65294 846
1731909214978 0.031078 847
1731909215396 -0.164553 848
1731909215770 -0.488999 849
1731909216146 -0.079415 850
1731909216555 -0.615499 851
1731909216962 -0.701311 852
1731909217346 -0.590425 853
1731909217739 -0.126348 854
1731909218147 -0.087281 855
1731909218542 -1.07924 856
1731909218927 0.083074 857
1731909219337 -0.84704 858
1731909219743 -0.291812 859
1731909220116 -0.465118 860
1731909220509 -0.066908 861
1731909220894 -0.303936 862
1731909221309 -0.237676 863
1731909221692 -0.256716 864
1731909222080 -0.548512 865
1731909222499 0.096355 866
1731909222888 -1.259207 867
1731909223295 -0.013223 868
1731909223705 -0.488816 869
1731909224123 -0.252501 870
1731909224518 -0.65188 871
1731909224928 -1.009202 872
1731909225333 -0.222166 873
1731909225740 -0.007668 874
1731909226128 -0.057562 875
1731909226504 -0.166671 876
1731909226897 -0.687104 877
1731909227296 -0.036276 878
1731909227673 0.075864 879
1731909228055 -1.384137 880
1731909228449 -0.066365 881
1731909228858 -0.119852 882
1731909229259 -0.553717 883
1731909229654 -0.838189 884
1731909230060 -0.074484 885
1731909230461 -0.653055 886
1731909230896 -0.181981 887
1731909231307 -0.945529 888
1731909231778 -0.296832 889
1731909232206 -0.263684 890
1731909232607 -0.034513 891
1731909232997 -0.31485 892
1731909233401 0.077332 893
1731909233826 -1.29718 894
1731909234231 -0.247495 895
1731909234635 -0.189033 896
1731909235043 -0.177948 897
1731909235451 -0.525939 898
1731909235848 -0.350838 899
1731909236223 0.102848 900
1731909236602 -0.207641 901
1731909236967 -0.335997 902
1731909237337 -0.1115 903
1731909237724 0.055793 904
1731909238100 0.033205 905
1731909238516 -0.233093 906
1731909238904 -0.124338 907
1731909239307 -0.895863 908
1731909239700 -0.15854 909
1731909240082 -0.57446 910
1731909240474 -0.31012 911
1731909240862 -0.159939 912
1731909241256 -0.376787 913
1731909241656 -0.368208 914
1731909242047 -0.290935 915
1731909242453 -0.139999 916
1731909242866 -0.198006 917
1731909243288 -0.339683 918
1731909243702 -0.282551 919
1731909244133 -0.582035 920
1731909244548 -0.973646 921
1731909244955 -0.065532 922
1731909245347 -0.319592 923
1731909245803 0.003393 924
1731909246186 -0.796324 925
1731909246574 -0.666907 926
1731909246946 0.299199 927
1731909247365 -0.173561 928
1731909247778 -0.390959 929
1731909248131 -0.445706 930
1731909248503 -0.356198 931
1731909248920 -0.123085 932
1731909249297 0.069058 933
1731909249697 -0.042386 934
1731909250093 -0.678261 935
1731909250502 0.261758 936
1731909250948 0.009901 937
1731909251324 0.039248 938
1731909251729 -0.677123 939
1731909252172 -0.65794 940
1731909252578 -0.064147 941
1731909252965 -0.021077 942
1731909253416 -0.194436 943
1731909253802 -0.173466 944
1731909254241 -0.021285 945
1731909254647 -0.23804 946
1731909255011 -0.088125 947
1731909255388 -0.242092 948
1731909255755 -0.221697 949
1731909256120 -0.253246 950
1731909256481 -0.806124 951
1731909256901 -0.369241 952
1731909257332 -0.311182 953
1731909257730 0.213348 954
1731909258133 -0.092018 955
1731909258613 -0.535206 956
1731909259002 -1.215367 957
1731909259420 -0.310737 958
1731909259884 -0.817042 959
1731909260313 -0.887165 960
1731909260723 -0.269363 961
1731909261115 -0.01552 962
1731909261502 -0.060997 963
1731909261898 -0.467919 964
1731909262312 -0.173839 965
1731909262759 -0.195491 966
1731909263216 -0.977956 967
1731909263630 -0.451296 968
1731909264069 -0.08628 969
1731909264456 -0.674477 970
1731909264858 -0.152817 971
1731909265278 -0.172272 972
1731909265693 -0.190661 973
1731909266075 -0.723944 974
1731909266534 0.083379 975
1731909267037 -0.442221 976
1731909267455 -0.088109 977
1731909267835 -0.997457 978
1731909268245 -0.249733 979
1731909268661 -0.869534 980
1731909269094 -0.142411 981
1731909269473 0.127368 982
1731909269876 0.50477 983
1731909270237 -0.748982 984
1731909270649 -0.444156 985
1731909271076 -0.117723 986
1731909271449 -0.051167 987
1731909271825 -0.82967 988
1731909272210 -0.195617 989
1731909272614 -0.282576 990
1731909273003 -0.404614 991
1731909273380 0.057484 992
1731909273768 0.076244 993
1731909274123 -1.138643 994
1731909274491 0.05686 995
1731909274861 -1.171445 996
1731909275265 -0.263614 997
1731909275679 -0.266736 998
1731909276131 -0.72465 999
