1732010176345 0.590498 7
1732010179281 0.288168 15
1732010182385 -0.033917 23
1732010185032 -0.016846 31
1732010187658 0.342619 39
1732010189742 0.523933 47
1732010191819 0.658441 55
1732010193952 0.902624 63
1732010196238 0.447647 71
1732010198794 0.288643 79
1732010201387 0.793716 87
1732010203598 0.200345 95
1732010205922 0.589931 103
1732010208222 0.532404 111
1732010210551 0.83639 119
1732010212816 0.520885 127
1732010215061 -0.120043 135
1732010217457 0.946089 143
1732010219720 0.287062 151
1732010222016 0.400426 159
1732010224217 0.571265 167
1732010226237 0.765995 175
1732010228201 0.307437 183
1732010230126 0.339051 191
1732010232177 0.367225 199
1732010234220 0.461458 207
1732010236221 0.814816 215
1732010238277 0.887338 223
1732010240361 0.074142 231
1732010242510 0.763473 239
1732010244672 0.622013 247
1732010246688 0.734682 255
1732010248824 0.145274 263
1732010250858 0.190926 271
1732010252921 0.755996 279
1732010254950 0.946089 287
1732010256986 0.489089 295
1732010259196 0.727712 303
1732010261208 0.448697 311
1732010263333 0.281344 319
1732010265437 0.640492 327
1732010267548 0.399432 335
1732010269529 0.399432 343
1732010271611 0.760954 351
1732010273713 0.539176 359
1732010275793 -0.24621 367
1732010277772 0.685461 375
1732010279729 0.176146 383
1732010281923 0.596275 391
1732010283879 -0.033917 399
1732010285894 0.387299 407
1732010287841 0.566153 415
1732010289687 0.437711 423
1732010291628 0.231598 431
1732010293602 0.551749 439
1732010295618 0.641996 447
1732010297737 0.508275 455
1732010300017 0.145626 463
1732010302188 0.666255 471
1732010304521 0.450552 479
1732010306670 0.755996 487
1732010308713 -0.096087 495
1732010310741 0.782151 503
1732010312699 0.387299 511
1732010314591 0.387299 519
1732010316609 0.147685 527
1732010318813 0.696204 535
1732010320969 0.616491 543
1732010323080 1.14685 551
1732010325246 0.739354 559
1732010327357 -0.044044 567
1732010329317 1.146428 575
1732010331557 -0.016846 583
1732010333642 0.029113 591
1732010335726 0.821659 599
1732010337766 -0.058111 607
1732010339863 0.452254 615
1732010341862 0.527794 623
1732010343838 0.674265 631
1732010346003 -0.02007 639
1732010348182 0.539176 647
1732010350246 0.145626 655
1732010352337 0.281344 663
1732010354324 0.582869 671
1732010356417 0.573841 679
1732010358643 0.032294 687
1732010360739 0.535354 695
1732010362881 -0.05422 703
1732010364879 0.21909 711
1732010366945 1.049357 719
1732010369017 0.836168 727
1732010370997 0.176146 735
1732010372985 -0.064854 743
1732010375002 0.287089 751
1732010377101 -0.191788 759
1732010379244 0.962644 767
1732010381227 0.347507 775
1732010383346 0.427114 783
1732010385470 -0.080625 791
1732010387609 0.535354 799
1732010389613 0.641304 807
1732010391572 0.539429 815
1732010393591 0.174363 823
1732010395582 0.411736 831
1732010397539 0.593343 839
1732010399471 0.683576 847
1732010401433 -0.06875 855
1732010403408 0.434221 863
1732010405399 0.42841 871
1732010407513 -0.043773 879
1732010409601 0.411736 887
1732010411674 0.471895 895
1732010413657 0.389957 903
1732010415766 0.273801 911
1732010417818 0.251019 919
1732010419889 -0.044218 927
1732010421876 0.511172 935
1732010423895 -0.040766 943
1732010425955 0.739354 951
1732010428318 1.191007 959
1732010430583 0.8089 967
1732010433037 0.434798 975
1732010435221 0.539176 983
1732010437680 -0.023993 991
1732010439786 0.620926 999
