1732010174085 0.055904 0
1732010174624 0.39612 1
1732010174840 0.239961 2
1732010175050 0.345251 3
1732010175339 0.474443 4
1732010175550 1.079165 5
1732010175795 0.400727 6
1732010176048 0.31543 7
1732010176642 -0.096765 8
1732010176923 0.273912 9
1732010177216 0.58855 10
1732010177500 0.496003 11
1732010177802 0.064156 12
1732010178126 0.585144 13
1732010178481 0.157989 14
1732010178838 0.651317 15
1732010179616 0.072102 16
1732010179935 1.09699 17
1732010180244 0.514906 18
1732010180645 0.127129 19
1732010181009 0.101059 20
1732010181399 0.701345 21
1732010181781 -0.012001 22
1732010182055 0.105209 23
1732010182695 0.123981 24
1732010182949 0.26241 25
1732010183315 0.223951 26
1732010183611 0.151604 27
1732010183909 0.201764 28
1732010184192 -0.000885 29
1732010184503 0.150479 30
1732010184768 0.10901 31
1732010185312 0.220695 32
1732010185569 0.233408 33
1732010185834 0.25954 34
1732010186213 0.044794 35
1732010186471 0.111763 36
1732010186719 0.453468 37
1732010187078 0.165415 38
1732010187362 0.736286 39
1732010187937 0.134142 40
1732010188178 0.142684 41
1732010188435 1.097969 42
1732010188629 0.781592 43
1732010188859 0.288532 44
1732010189064 0.711902 45
1732010189278 0.356872 46
1732010189515 0.335495 47
1732010189941 0.772824 48
1732010190174 0.048456 49
1732010190389 0.436521 50
1732010190639 0.257746 51
1732010190850 0.557297 52
1732010191063 0.971468 53
1732010191295 0.225576 54
1732010191514 0.561534 55
1732010192060 0.106076 56
1732010192275 0.216587 57
1732010192508 -0.198303 58
1732010192796 0.013381 59
1732010193034 0.095051 60
1732010193249 0.158072 61
1732010193514 -0.11891 62
1732010193756 0.151218 63
1732010194182 0.108062 64
1732010194458 0.983143 65
1732010194721 0.991576 66
1732010194957 0.128175 67
1732010195248 0.07096 68
1732010195485 0.081258 69
1732010195765 0.673096 70
1732010196035 -0.151202 71
1732010196484 0.568856 72
1732010196844 0.212765 73
1732010197175 0.077584 74
1732010197457 0.049527 75
1732010197728 0.139889 76
1732010197961 0.146986 77
1732010198217 0.235678 78
1732010198501 0.586014 79
1732010199076 0.264632 80
1732010199321 0.023337 81
1732010199558 0.148246 82
1732010199842 0.418544 83
1732010200077 0.070848 84
1732010200459 0.771384 85
1732010200802 -0.112023 86
1732010201078 0.846918 87
1732010201627 0.190831 88
1732010201860 0.212563 89
1732010202089 0.116982 90
1732010202341 0.064352 91
1732010202624 0.331907 92
1732010202837 0.038498 93
1732010203078 1.13319 94
1732010203351 0.041052 95
1732010203817 -0.020815 96
1732010204126 0.247384 97
1732010204423 0.82253 98
1732010204670 0.135817 99
1732010204913 0.148595 100
1732010205186 0.4833 101
1732010205432 0.338573 102
1732010205675 0.248646 103
1732010206171 0.273863 104
1732010206407 0.216371 105
1732010206687 0.541984 106
1732010206923 0.120448 107
1732010207168 0.330172 108
1732010207479 0.466952 109
1732010207738 0.830641 110
1732010207998 0.270903 111
1732010208448 1.005046 112
1732010208726 0.23033 113
1732010208993 0.094571 114
1732010209273 0.314181 115
1732010209492 0.074097 116
1732010209718 0.141401 117
1732010210008 0.207486 118
1732010210245 0.877373 119
1732010210777 0.716152 120
1732010211019 0.179946 121
1732010211278 0.319936 122
1732010211530 0.815187 123
1732010211769 0.16582 124
1732010212041 0.684399 125
1732010212332 0.110974 126
1732010212606 0.530831 127
1732010213062 0.318097 128
1732010213302 -0.224418 129
1732010213537 0.504191 130
1732010213809 0.590311 131
1732010214071 0.081287 132
1732010214303 0.57285 133
1732010214557 0.233213 134
1732010214821 1.218229 135
1732010215297 0.337201 136
1732010215565 0.184382 137
1732010215824 0.056924 138
1732010216106 0.586844 139
1732010216409 0.293072 140
1732010216666 0.035331 141
1732010216935 0.029839 142
1732010217191 0.311412 143
1732010217684 -0.059823 144
1732010217928 0.440625 145
1732010218160 0.646828 146
1732010218394 0.125603 147
1732010218646 0.498251 148
1732010218898 0.06763 149
1732010219154 0.766964 150
1732010219442 0.410287 151
1732010219938 0.012719 152
1732010220237 0.00319 153
1732010220494 0.43714 154
1732010220782 0.128203 155
1732010221018 0.163743 156
1732010221251 0.767261 157
1732010221487 0.227613 158
1732010221713 0.168402 159
1732010222227 0.302942 160
1732010222455 0.598721 161
1732010222695 1.293645 162
1732010222934 0.209911 163
1732010223197 0.567703 164
1732010223470 0.536743 165
1732010223708 0.987235 166
1732010223976 1.115135 167
1732010224447 0.324728 168
1732010224679 0.156845 169
1732010224935 0.511419 170
1732010225185 0.091441 171
1732010225408 0.050439 172
1732010225624 0.806614 173
1732010225840 0.454834 174
1732010226063 0.266023 175
1732010226455 -0.113042 176
1732010226686 0.17067 177
1732010226916 0.146787 178
1732010227166 0.122157 179
1732010227411 0.260214 180
1732010227619 0.032157 181
1732010227829 0.053281 182
1732010228036 0.08305 183
1732010228415 0.485001 184
1732010228623 0.207132 185
1732010228833 0.79051 186
1732010229063 0.02832 187
1732010229297 0.984907 188
1732010229511 0.032691 189
1732010229724 0.141553 190
1732010229955 0.107089 191
1732010230351 0.02563 192
1732010230576 0.723152 193
1732010230806 -0.042617 194
1732010231038 -0.319903 195
1732010231262 0.360447 196
1732010231491 0.408278 197
1732010231743 0.098882 198
1732010231984 0.356795 199
1732010232405 0.047154 200
1732010232642 0.149711 201
1732010232867 0.595855 202
1732010233120 1.211267 203
1732010233381 0.133893 204
1732010233620 -0.103868 205
1732010233837 0.740202 206
1732010234060 0.838082 207
1732010234445 0.470918 208
1732010234671 0.17078 209
1732010234908 0.432086 210
1732010235134 0.05744 211
1732010235370 0.339446 212
1732010235585 0.394876 213
1732010235819 0.037312 214
1732010236035 0.812049 215
1732010236439 0.409519 216
1732010236650 0.044844 217
1732010236872 1.33383 218
1732010237105 -0.027888 219
1732010237328 1.001002 220
1732010237561 0.153091 221
1732010237795 0.405642 222
1732010238017 0.871575 223
1732010238491 0.209458 224
1732010238714 0.164902 225
1732010238954 -0.022856 226
1732010239186 0.097678 227
1732010239409 0.22842 228
1732010239643 0.050239 229
1732010239866 0.188618 230
1732010240116 0.592319 231
1732010240599 0.940101 232
1732010240828 0.112967 233
1732010241096 0.895161 234
1732010241343 0.197501 235
1732010241593 0.022792 236
1732010241843 0.139839 237
1732010242078 0.690616 238
1732010242317 0.235556 239
1732010242747 0.030771 240
1732010242982 -0.082678 241
1732010243239 0.144514 242
1732010243473 0.935658 243
1732010243706 0.223147 244
1732010243938 0.275641 245
1732010244186 0.093027 246
1732010244427 0.742388 247
1732010244885 0.651281 248
1732010245134 -0.008336 249
1732010245367 0.021907 250
1732010245590 0.708231 251
1732010245827 0.278561 252
1732010246058 0.522306 253
1732010246288 0.506105 254
1732010246512 0.325955 255
1732010246916 0.274292 256
1732010247130 0.010901 257
1732010247352 0.883508 258
1732010247565 0.06999 259
1732010247778 0.163365 260
1732010248021 -0.084595 261
1732010248251 0.120446 262
1732010248521 0.438995 263
1732010249034 0.039065 264
1732010249262 0.112403 265
1732010249494 0.119909 266
1732010249737 0.304718 267
1732010249981 0.115916 268
1732010250204 -0.024531 269
1732010250452 -0.061914 270
1732010250681 0.233301 271
1732010251088 0.581153 272
1732010251332 0.201826 273
1732010251571 0.700039 274
1732010251792 -0.028826 275
1732010252037 0.652871 276
1732010252264 0.057566 277
1732010252486 0.644379 278
1732010252702 0.121646 279
1732010253142 0.064117 280
1732010253378 0.802094 281
1732010253589 -0.089784 282
1732010253814 0.449644 283
1732010254060 0.100435 284
1732010254288 0.732342 285
1732010254513 0.063984 286
1732010254768 0.787946 287
1732010255183 0.356374 288
1732010255421 0.68177 289
1732010255645 0.110466 290
1732010255856 0.927156 291
1732010256088 0.172204 292
1732010256320 0.341207 293
1732010256566 -0.013991 294
1732010256803 0.044879 295
1732010257256 -0.213075 296
1732010257490 0.984419 297
1732010257733 0.422146 298
1732010257958 0.791179 299
1732010258223 -0.02883 300
1732010258454 0.612345 301
1732010258684 0.210926 302
1732010258924 0.031439 303
1732010259403 -0.169754 304
1732010259634 0.21184 305
1732010259862 0.438282 306
1732010260082 0.117257 307
1732010260301 0.964978 308
1732010260514 0.459329 309
1732010260777 0.502694 310
1732010261025 1.07932 311
1732010261434 0.715718 312
1732010261654 0.557471 313
1732010261892 -0.296749 314
1732010262100 0.907539 315
1732010262316 -0.073547 316
1732010262547 0.182676 317
1732010262778 0.232952 318
1732010263022 0.461693 319
1732010263594 0.759539 320
1732010263821 0.078161 321
1732010264045 -0.169628 322
1732010264281 0.175259 323
1732010264528 0.629265 324
1732010264784 0.482952 325
1732010265010 0.379696 326
1732010265258 0.317372 327
1732010265679 0.147077 328
1732010265914 0.227445 329
1732010266137 -0.070512 330
1732010266355 0.353917 331
1732010266576 0.414916 332
1732010266820 0.231664 333
1732010267059 0.30652 334
1732010267269 0.551649 335
1732010267774 0.100428 336
1732010267991 0.297439 337
1732010268209 0.550701 338
1732010268430 0.613147 339
1732010268643 0.309527 340
1732010268878 -0.073014 341
1732010269117 0.813263 342
1732010269364 0.316082 343
1732010269757 0.053948 344
1732010269972 0.591758 345
1732010270203 0.171061 346
1732010270451 0.799887 347
1732010270711 0.295401 348
1732010270948 -0.052239 349
1732010271199 0.121748 350
1732010271417 0.662355 351
1732010271830 0.48399 352
1732010272067 -0.11933 353
1732010272309 0.183055 354
1732010272571 0.234447 355
1732010272802 0.199366 356
1732010273041 -0.081398 357
1732010273275 0.146381 358
1732010273496 0.154032 359
1732010273937 -0.053399 360
1732010274184 0.112029 361
1732010274399 -0.042518 362
1732010274647 0.754492 363
1732010274862 -0.208097 364
1732010275089 0.348214 365
1732010275324 0.64515 366
1732010275548 0.165079 367
1732010276011 -0.048377 368
1732010276251 0.42463 369
1732010276470 -0.041772 370
1732010276693 0.329929 371
1732010276919 0.128421 372
1732010277173 0.010732 373
1732010277395 0.249812 374
1732010277613 0.233615 375
1732010278014 0.667233 376
1732010278223 0.614572 377
1732010278436 0.136538 378
1732010278641 0.257422 379
1732010278851 0.112871 380
1732010279097 0.402562 381
1732010279315 0.006939 382
1732010279514 0.23183 383
1732010279937 -0.003539 384
1732010280184 0.257142 385
1732010280409 0.665341 386
1732010280659 0.32077 387
1732010280894 0.313444 388
1732010281107 0.334124 389
1732010281348 0.413276 390
1732010281563 0.524559 391
1732010282149 0.764591 392
1732010282373 0.703281 393
1732010282588 0.026415 394
1732010282804 0.070074 395
1732010283033 1.396248 396
1732010283247 0.080531 397
1732010283468 0.147949 398
1732010283695 0.581977 399
1732010284102 0.261996 400
1732010284358 0.823029 401
1732010284579 0.699972 402
1732010284813 -0.002466 403
1732010285026 0.378756 404
1732010285254 0.224526 405
1732010285475 0.798436 406
1732010285698 0.257083 407
1732010286099 -0.041884 408
1732010286338 -0.086975 409
1732010286538 0.46911 410
1732010286786 1.068133 411
1732010286991 0.678603 412
1732010287218 1.101312 413
1732010287448 0.187703 414
1732010287674 0.264205 415
1732010288041 0.280176 416
1732010288253 0.503151 417
1732010288460 0.497839 418
1732010288675 0.039825 419
1732010288885 0.061327 420
1732010289110 -0.007217 421
1732010289313 -0.046523 422
1732010289518 0.738617 423
1732010289899 0.162468 424
1732010290112 0.064524 425
1732010290336 0.214108 426
1732010290568 0.171431 427
1732010290767 0.016842 428
1732010290984 0.766858 429
1732010291220 1.360517 430
1732010291440 0.117348 431
1732010291844 0.230065 432
1732010292060 0.075493 433
1732010292290 0.543921 434
1732010292538 -0.180779 435
1732010292774 0.352945 436
1732010293000 0.007238 437
1732010293212 0.203776 438
1732010293432 0.259902 439
1732010293831 0.187893 440
1732010294073 0.205037 441
1732010294289 -0.060303 442
1732010294508 0.200479 443
1732010294737 0.705468 444
1732010294949 0.713513 445
1732010295179 0.166303 446
1732010295420 0.193519 447
1732010295830 -0.039484 448
1732010296058 0.042991 449
1732010296268 0.550136 450
1732010296501 -0.140669 451
1732010296757 -0.238444 452
1732010297005 0.958914 453
1732010297253 0.21788 454
1732010297489 0.048871 455
1732010297948 0.403394 456
1732010298227 -0.015469 457
1732010298449 0.021591 458
1732010298697 0.038808 459
1732010299008 0.251057 460
1732010299284 1.536196 461
1732010299552 -0.079065 462
1732010299845 0.213206 463
1732010300246 0.783138 464
1732010300504 0.617937 465
1732010300776 0.312873 466
1732010301011 0.462663 467
1732010301263 0.279135 468
1732010301497 -0.026928 469
1732010301734 0.333688 470
1732010301959 0.578468 471
1732010302415 0.146209 472
1732010302669 0.388861 473
1732010302899 0.634306 474
1732010303133 -0.015974 475
1732010303421 0.518429 476
1732010303743 0.056732 477
1732010304026 0.021515 478
1732010304300 -0.011289 479
1732010304743 0.655468 480
1732010305009 0.63326 481
1732010305247 0.515001 482
1732010305489 0.350609 483
1732010305717 0.715921 484
1732010305980 0.059212 485
1732010306247 -0.100175 486
1732010306499 0.747863 487
1732010306887 0.919204 488
1732010307137 0.001559 489
1732010307373 0.78239 490
1732010307615 0.246041 491
1732010307838 0.066971 492
1732010308083 0.79023 493
1732010308306 0.176119 494
1732010308555 0.1365 495
1732010308941 0.762288 496
1732010309173 0.45327 497
1732010309387 0.028205 498
1732010309617 0.608383 499
1732010309841 -0.003956 500
1732010310047 0.513628 501
1732010310262 0.097289 502
1732010310490 -0.15982 503
1732010310961 0.494716 504
1732010311181 0.567812 505
1732010311406 -0.025813 506
1732010311623 0.826444 507
1732010311845 0.033792 508
1732010312081 -0.150181 509
1732010312313 1.172393 510
1732010312536 0.1695 511
1732010312907 0.384413 512
1732010313110 0.073468 513
1732010313328 -0.025849 514
1732010313568 0.201376 515
1732010313770 0.092985 516
1732010313979 0.236848 517
1732010314184 0.392011 518
1732010314423 -0.239103 519
1732010314803 0.113662 520
1732010315018 0.24452 521
1732010315225 0.188712 522
1732010315452 0.130113 523
1732010315673 0.618847 524
1732010315898 0.687145 525
1732010316150 0.781668 526
1732010316374 0.938022 527
1732010316824 0.991026 528
1732010317079 0.065228 529
1732010317321 0.266087 530
1732010317588 0.317823 531
1732010317838 0.428754 532
1732010318071 0.189899 533
1732010318306 0.121853 534
1732010318610 0.748474 535
1732010319034 0.008773 536
1732010319262 0.712467 537
1732010319511 0.204179 538
1732010319741 0.598337 539
1732010319975 -0.124804 540
1732010320217 0.905963 541
1732010320434 -0.118868 542
1732010320669 -0.158886 543
1732010321189 0.753685 544
1732010321405 0.513341 545
1732010321647 0.117956 546
1732010321873 -0.012514 547
1732010322109 0.1075 548
1732010322385 0.122407 549
1732010322633 0.720667 550
1732010322853 0.9401 551
1732010323310 -0.172314 552
1732010323586 0.610596 553
1732010323824 0.045448 554
1732010324071 1.01119 555
1732010324313 0.279342 556
1732010324548 0.156616 557
1732010324778 0.820529 558
1732010325035 -0.030053 559
1732010325466 0.145189 560
1732010325709 0.026026 561
1732010325926 -0.095531 562
1732010326208 0.220272 563
1732010326423 0.130397 564
1732010326639 0.278582 565
1732010326896 0.108785 566
1732010327125 -0.00283 567
1732010327575 -0.063288 568
1732010327800 0.108898 569
1732010328011 0.735587 570
1732010328238 -0.050767 571
1732010328450 0.788235 572
1732010328662 0.327093 573
1732010328886 0.802592 574
1732010329107 0.945328 575
1732010329534 0.308688 576
1732010329779 0.068343 577
1732010329992 0.016693 578
1732010330219 0.162589 579
1732010330437 -0.17394 580
1732010330966 0.466304 581
1732010331181 0.347193 582
1732010331408 0.293754 583
1732010331765 0.121695 584
1732010331970 0.784166 585
1732010332189 0.253195 586
1732010332441 0.607821 587
1732010332653 0.070179 588
1732010332868 -0.295736 589
1732010333161 0.036814 590
1732010333387 0.362669 591
1732010333864 -0.157072 592
1732010334132 1.049993 593
1732010334347 1.049405 594
1732010334563 0.082246 595
1732010334788 0.032846 596
1732010335045 0.665366 597
1732010335274 0.469588 598
1732010335531 0.053105 599
1732010335938 0.001663 600
1732010336161 0.261562 601
1732010336390 0.232405 602
1732010336655 0.428955 603
1732010336877 0.733475 604
1732010337092 0.135114 605
1732010337352 0.193122 606
1732010337602 0.270164 607
1732010337984 0.915965 608
1732010338221 0.094007 609
1732010338463 0.621529 610
1732010338739 0.82232 611
1732010338980 0.019621 612
1732010339219 1.229345 613
1732010339442 0.057627 614
1732010339691 0.475819 615
1732010340078 0.347328 616
1732010340326 0.606169 617
1732010340570 0.168287 618
1732010340785 0.007635 619
1732010341019 0.197504 620
1732010341255 0.61964 621
1732010341462 0.048097 622
1732010341705 0.217205 623
1732010342089 0.181898 624
1732010342305 0.864596 625
1732010342533 0.235237 626
1732010342765 0.136298 627
1732010342980 0.017731 628
1732010343192 0.285054 629
1732010343422 0.303572 630
1732010343677 0.127172 631
1732010344062 0.183859 632
1732010344301 0.671055 633
1732010344515 0.271905 634
1732010344765 0.098554 635
1732010344976 0.15208 636
1732010345186 0.024358 637
1732010345416 0.489093 638
1732010345699 0.249867 639
1732010346215 -0.084422 640
1732010346448 0.567278 641
1732010346694 0.859575 642
1732010346981 0.191141 643
1732010347258 0.150575 644
1732010347490 0.575139 645
1732010347737 0.185603 646
1732010348010 -0.018293 647
1732010348394 0.204559 648
1732010348662 0.571745 649
1732010348895 0.670023 650
1732010349107 0.176221 651
1732010349346 -0.064677 652
1732010349600 0.014916 653
1732010349818 0.361517 654
1732010350078 0.026146 655
1732010350476 0.222485 656
1732010350699 0.242878 657
1732010350954 0.418848 658
1732010351194 -0.174151 659
1732010351422 0.037332 660
1732010351639 -0.139548 661
1732010351878 -0.213442 662
1732010352159 0.755014 663
1732010352549 0.781241 664
1732010352765 0.526258 665
1732010352995 0.082134 666
1732010353217 0.795227 667
1732010353466 0.179026 668
1732010353702 0.019515 669
1732010353914 0.10922 670
1732010354143 -0.119086 671
1732010354528 0.114265 672
1732010354764 0.276212 673
1732010354984 0.025269 674
1732010355213 0.005088 675
1732010355440 0.097464 676
1732010355678 0.065365 677
1732010355937 0.369788 678
1732010356239 0.719892 679
1732010356632 0.184907 680
1732010356873 0.163222 681
1732010357116 0.917505 682
1732010357353 0.125226 683
1732010357592 -0.077803 684
1732010357879 0.114117 685
1732010358131 0.096374 686
1732010358454 0.239796 687
1732010358867 -0.04498 688
1732010359111 0.170616 689
1732010359336 0.942541 690
1732010359587 0.071161 691
1732010359828 0.32281 692
1732010360063 0.036012 693
1732010360308 0.246482 694
1732010360543 0.711995 695
1732010360977 0.028079 696
1732010361276 0.241918 697
1732010361495 -0.048455 698
1732010361717 0.326705 699
1732010361970 0.275217 700
1732010362216 0.149782 701
1732010362455 0.268705 702
1732010362700 0.555919 703
1732010363096 1.213062 704
1732010363360 0.252404 705
1732010363589 0.567624 706
1732010363793 0.054305 707
1732010364023 0.553042 708
1732010364238 0.100027 709
1732010364472 0.166057 710
1732010364705 -0.110221 711
1732010365088 0.307358 712
1732010365305 0.454612 713
1732010365540 0.229196 714
1732010365780 0.120769 715
1732010366000 0.849541 716
1732010366226 0.233849 717
1732010366446 -0.02822 718
1732010366697 0.231902 719
1732010367170 0.577618 720
1732010367441 -0.087217 721
1732010367668 -0.18581 722
1732010367915 0.080045 723
1732010368130 0.203198 724
1732010368343 -0.006211 725
1732010368558 0.674722 726
1732010368762 0.152889 727
1732010369228 0.269833 728
1732010369453 0.26627 729
1732010369683 0.752179 730
1732010369919 0.180682 731
1732010370140 0.076655 732
1732010370359 0.231887 733
1732010370578 0.232593 734
1732010370790 0.432843 735
1732010371207 0.402179 736
1732010371450 0.674803 737
1732010371654 0.069166 738
1732010371881 0.095913 739
1732010372092 0.558932 740
1732010372309 -0.038957 741
1732010372533 0.544047 742
1732010372797 0.753727 743
1732010373191 0.220005 744
1732010373425 0.094038 745
1732010373641 0.345335 746
1732010373876 -0.085367 747
1732010374106 0.678044 748
1732010374348 0.538348 749
1732010374569 0.343685 750
1732010374830 0.038208 751
1732010375219 0.322223 752
1732010375472 0.674384 753
1732010375698 0.559061 754
1732010375941 0.158314 755
1732010376164 0.130366 756
1732010376391 0.654831 757
1732010376628 0.008081 758
1732010376855 0.178984 759
1732010377309 0.114922 760
1732010377546 0.336837 761
1732010377788 0.120144 762
1732010378062 0.109321 763
1732010378301 0.493002 764
1732010378539 0.56772 765
1732010378790 0.109116 766
1732010379051 0.392361 767
1732010379464 0.314107 768
1732010379684 1.301337 769
1732010379900 -0.048753 770
1732010380153 0.123518 771
1732010380366 0.214728 772
1732010380587 0.211885 773
1732010380799 0.248471 774
1732010381053 -0.001302 775
1732010381444 0.860685 776
1732010381688 -0.140362 777
1732010381901 0.073204 778
1732010382187 0.817161 779
1732010382475 0.102407 780
1732010382732 0.110201 781
1732010382948 0.222886 782
1732010383172 -0.014705 783
1732010383586 0.191579 784
1732010383849 -0.066943 785
1732010384099 0.591218 786
1732010384339 0.425297 787
1732010384559 0.346671 788
1732010384786 0.344286 789
1732010385028 0.264414 790
1732010385290 0.116833 791
1732010385700 0.065037 792
1732010386010 0.230562 793
1732010386231 1.033046 794
1732010386507 0.490156 795
1732010386724 0.712685 796
1732010386963 0.07411 797
1732010387191 0.040281 798
1732010387440 0.038475 799
1732010387812 0.509993 800
1732010388076 -0.210478 801
1732010388302 0.213188 802
1732010388528 0.141593 803
1732010388753 0.081382 804
1732010388985 0.151784 805
1732010389222 0.320545 806
1732010389458 0.56585 807
1732010389830 0.155729 808
1732010390072 1.241315 809
1732010390285 0.239425 810
1732010390495 0.159488 811
1732010390718 0.322567 812
1732010390951 -0.045507 813
1732010391164 0.157618 814
1732010391391 0.899752 815
1732010391787 0.289601 816
1732010391998 0.101845 817
1732010392219 -0.027198 818
1732010392426 -0.070335 819
1732010392655 0.68405 820
1732010392911 0.618511 821
1732010393145 0.4206 822
1732010393392 0.639361 823
1732010393795 1.438564 824
1732010394043 -0.068027 825
1732010394261 0.054167 826
1732010394456 0.023911 827
1732010394734 0.411159 828
1732010394954 0.186541 829
1732010395176 0.231358 830
1732010395405 0.091158 831
1732010395795 0.904835 832
1732010396022 0.787134 833
1732010396248 0.228121 834
1732010396480 0.241548 835
1732010396696 0.046431 836
1732010396919 0.575287 837
1732010397115 -0.079794 838
1732010397338 0.096156 839
1732010397740 0.719215 840
1732010397946 0.070939 841
1732010398158 0.288658 842
1732010398373 0.758519 843
1732010398589 0.76124 844
1732010398824 0.123875 845
1732010399051 0.319765 846
1732010399273 0.396485 847
1732010399683 -0.0061 848
1732010399887 0.074235 849
1732010400123 0.114761 850
1732010400341 0.284404 851
1732010400579 0.021128 852
1732010400791 0.053717 853
1732010401016 -0.050529 854
1732010401252 0.611968 855
1732010401645 0.795132 856
1732010401867 0.266753 857
1732010402084 0.230003 858
1732010402304 0.278755 859
1732010402511 -0.066554 860
1732010402744 0.799107 861
1732010402971 -0.01469 862
1732010403200 0.027564 863
1732010403621 0.949306 864
1732010403863 0.221085 865
1732010404089 1.011119 866
1732010404296 0.90619 867
1732010404532 0.347354 868
1732010404778 0.867371 869
1732010405009 -0.07835 870
1732010405239 -0.047539 871
1732010405607 0.032772 872
1732010405835 0.906894 873
1732010406073 0.379483 874
1732010406328 0.412391 875
1732010406587 -0.039853 876
1732010406810 0.280356 877
1732010407044 0.105557 878
1732010407296 0.861459 879
1732010407742 0.878653 880
1732010407978 1.165492 881
1732010408222 0.141939 882
1732010408489 0.171891 883
1732010408705 -0.044819 884
1732010408924 0.258588 885
1732010409151 0.165747 886
1732010409432 0.041752 887
1732010409825 0.127065 888
1732010410053 0.166515 889
1732010410296 0.087955 890
1732010410534 0.417767 891
1732010410748 1.121461 892
1732010411021 0.193757 893
1732010411253 0.512924 894
1732010411482 0.663472 895
1732010411918 0.160679 896
1732010412153 0.152507 897
1732010412360 0.05036 898
1732010412563 0.030474 899
1732010412804 0.995161 900
1732010413000 0.016997 901
1732010413247 0.118275 902
1732010413486 -0.045507 903
1732010413865 0.595296 904
1732010414080 -0.024508 905
1732010414298 -0.057508 906
1732010414520 0.184017 907
1732010414759 -0.054514 908
1732010415000 0.230616 909
1732010415253 0.491353 910
1732010415503 0.608036 911
1732010415988 0.266349 912
1732010416242 -0.0666 913
1732010416471 0.017872 914
1732010416739 0.163781 915
1732010416955 0.234491 916
1732010417204 0.237372 917
1732010417416 0.138264 918
1732010417650 0.722543 919
1732010418042 0.896908 920
1732010418270 0.422896 921
1732010418512 0.634875 922
1732010418736 0.699885 923
1732010418948 0.191905 924
1732010419229 0.558855 925
1732010419443 0.960426 926
1732010419679 0.697449 927
1732010420091 0.126323 928
1732010420293 0.219644 929
1732010420511 -0.052637 930
1732010420747 0.542853 931
1732010420989 0.203113 932
1732010421203 0.646234 933
1732010421436 0.078659 934
1732010421691 0.210835 935
1732010422127 0.209046 936
1732010422356 0.552372 937
1732010422580 0.198621 938
1732010422785 1.212436 939
1732010422998 0.073891 940
1732010423228 -0.002974 941
1732010423451 0.484266 942
1732010423682 0.959829 943
1732010424112 0.057065 944
1732010424343 0.67666 945
1732010424576 0.604178 946
1732010424788 0.069581 947
1732010425043 0.139164 948
1732010425282 0.399976 949
1732010425521 0.053673 950
1732010425775 0.468538 951
1732010426186 0.371962 952
1732010426456 0.111223 953
1732010426707 -0.159936 954
1732010426987 0.081239 955
1732010427241 0.805696 956
1732010427482 0.399287 957
1732010427754 0.225287 958
1732010428034 0.020265 959
1732010428543 0.078202 960
1732010428804 -0.13247 961
1732010429098 0.111233 962
1732010429372 0.170887 963
1732010429601 -0.160308 964
1732010429846 0.830042 965
1732010430129 0.248478 966
1732010430372 0.646227 967
1732010430805 0.070122 968
1732010431146 1.004914 969
1732010431403 0.518692 970
1732010431766 0.305214 971
1732010431996 0.300508 972
1732010432240 0.116229 973
1732010432498 0.088558 974
1732010432752 0.42413 975
1732010433255 -0.069137 976
1732010433494 0.07123 977
1732010433759 0.049019 978
1732010433996 -0.006615 979
1732010434259 1.040863 980
1732010434511 -0.235478 981
1732010434770 0.228102 982
1732010435014 0.499277 983
1732010435444 0.807883 984
1732010435816 0.116587 985
1732010436073 0.10143 986
1732010436354 0.066013 987
1732010436672 0.294434 988
1732010436938 0.094122 989
1732010437215 -0.007866 990
1732010437487 -0.09422 991
1732010437898 1.053953 992
1732010438138 0.830328 993
1732010438386 0.364117 994
1732010438683 0.588975 995
1732010438914 0.276916 996
1732010439139 0.70837 997
1732010439362 0.028042 998
1732010439591 0.08336 999
