1732258667137 -0.214243 0
1732258667621 -0.053381 1
1732258668015 0.135223 2
1732258668397 -0.038289 3
1732258668780 -0.134409 4
1732258669171 -0.177192 5
1732258669547 -0.178837 6
1732258669927 0.094823 7
1732258670315 -0.202159 8
1732258670695 0.329931 9
1732258671076 0.121211 10
1732258671474 0.001366 11
1732258671862 -0.12981 12
1732258672276 -0.129716 13
1732258672676 -0.151421 14
1732258673064 0.056472 15
1732258673454 0.143464 16
1732258673835 -0.150676 17
1732258674221 -0.120684 18
1732258674616 -0.291747 19
1732258675014 0.059987 20
1732258675428 -0.26737 21
1732258675847 0.209861 22
1732258676242 -0.12102 23
1732258676626 -0.117566 24
1732258677024 -0.146709 25
1732258677424 0.065418 26
1732258677810 0.283882 27
1732258678193 -0.140521 28
1732258678577 0.166661 29
1732258678970 -0.036198 30
1732258679360 0.035812 31
1732258679741 -0.580701 32
1732258680133 0.153975 33
1732258680521 -0.091687 34
1732258680902 -0.079572 35
1732258681286 0.001118 36
1732258681666 0.108389 37
1732258682060 -0.004514 38
1732258682441 -0.110137 39
1732258682828 -0.069332 40
1732258683216 0.156509 41
1732258683594 0.092829 42
1732258683977 0.348137 43
1732258684355 -0.170898 44
1732258684734 -0.156977 45
1732258685125 0.002791 46
1732258685518 0.021436 47
1732258685902 -0.005546 48
1732258686281 0.004148 49
1732258686662 -0.054981 50
1732258687058 -0.064474 51
1732258687446 0.038962 52
1732258687824 -0.238199 53
1732258688218 -0.110268 54
1732258688601 -0.069657 55
1732258688988 0.11803 56
1732258689370 -0.066735 57
1732258689751 0.024391 58
1732258690133 0.038936 59
1732258690526 -0.101376 60
1732258690910 -0.048219 61
1732258691294 -0.115584 62
1732258691678 0.086333 63
1732258692064 -0.043202 64
1732258692450 0.199932 65
1732258692838 0.013873 66
1732258693225 0.041525 67
1732258693612 0.161204 68
1732258693997 0.236224 69
1732258694382 -0.461962 70
1732258694771 -0.042718 71
1732258695158 0.12047 72
1732258695559 0.074733 73
1732258695939 0.093697 74
1732258696318 -0.39944 75
1732258696694 0.178069 76
1732258697079 -0.199687 77
1732258697477 0.11895 78
1732258697860 0.205663 79
1732258698238 0.069651 80
1732258698620 0.01443 81
1732258698998 0.058115 82
1732258699385 -0.032262 83
1732258699772 0.189381 84
1732258700155 0.187679 85
1732258700538 -0.132675 86
1732258700919 -0.182575 87
1732258701302 -0.283767 88
1732258701689 -0.099507 89
1732258702077 -0.023928 90
1732258702461 0.014219 91
1732258702845 -0.003068 92
1732258703231 -0.259106 93
1732258703614 0.103125 94
1732258704003 -0.196505 95
1732258704385 -0.126405 96
1732258704764 0.02682 97
1732258705147 0.127623 98
1732258705533 0.065797 99
1732258705929 -0.162823 100
1732258706314 0.07394 101
1732258706699 -0.006858 102
1732258707090 -0.131311 103
1732258707479 0.291941 104
1732258707875 0.102022 105
1732258708253 -0.097165 106
1732258708643 -0.080565 107
1732258709041 -0.124117 108
1732258709419 -0.200745 109
1732258709812 0.140995 110
1732258710190 -0.311586 111
1732258710576 0.430347 112
1732258710958 -0.003958 113
1732258711341 -0.073769 114
1732258711722 0.096865 115
1732258712106 -0.050631 116
1732258712485 0.114834 117
1732258712864 0.021117 118
1732258713251 -0.052333 119
1732258713633 0.111804 120
1732258714015 -0.117401 121
1732258714399 -0.265903 122
1732258714786 0.023181 123
1732258715172 -0.005747 124
1732258715555 0.271343 125
1732258715957 -0.123459 126
1732258716342 -0.026563 127
1732258716727 -0.009308 128
1732258717112 -0.054378 129
1732258717488 -0.010197 130
1732258717876 0.030184 131
1732258718257 0.008809 132
1732258718643 0.052307 133
1732258719034 0.140084 134
1732258719416 -0.100277 135
1732258719802 -0.056913 136
1732258720187 0.324458 137
1732258720575 -0.032409 138
1732258720966 -0.076178 139
1732258721353 0.071543 140
1732258721736 -0.047068 141
1732258722128 0.009221 142
1732258722517 0.023163 143
1732258722898 -0.10349 144
1732258723304 0.035577 145
1732258723688 -0.075194 146
1732258724070 -0.037927 147
1732258724450 -0.029743 148
1732258724828 0.060118 149
1732258725211 -0.055514 150
1732258725594 0.350759 151
1732258725977 -0.224516 152
1732258726372 -0.128298 153
1732258726759 -0.103018 154
1732258727142 -0.134325 155
1732258727542 -0.387771 156
1732258727933 -0.027682 157
1732258728353 -0.182521 158
1732258728736 -0.140714 159
1732258729119 0.177778 160
1732258729504 0.053655 161
1732258729884 0.123537 162
1732258730273 -0.07546 163
1732258730658 -0.139173 164
1732258731037 -0.274994 165
1732258731420 -0.02971 166
1732258731807 -0.13071 167
1732258732192 0.186995 168
1732258732586 -0.211668 169
1732258732976 -0.082272 170
1732258733370 0.098371 171
1732258733753 0.111126 172
1732258734139 0.01441 173
1732258734534 -0.208871 174
1732258734912 -0.088886 175
1732258735303 -0.183556 176
1732258735689 -0.080057 177
1732258736074 -0.081076 178
1732258736482 0.002965 179
1732258736869 -0.024507 180
1732258737253 0.009786 181
1732258737645 0.138307 182
1732258738031 -0.456902 183
1732258738413 0.144778 184
1732258738791 -0.349777 185
1732258739182 -0.046142 186
1732258739599 -0.080039 187
1732258739997 0.042436 188
1732258740386 -0.030062 189
1732258740784 0.039996 190
1732258741173 -0.025171 191
1732258741557 -0.298144 192
1732258741939 0.24322 193
1732258742340 -0.021668 194
1732258742729 0.086873 195
1732258743125 -0.198292 196
1732258743512 0.143974 197
1732258743901 0.001535 198
1732258744288 -0.054376 199
1732258744675 0.013161 200
1732258745069 -0.153108 201
1732258745450 -0.2888 202
1732258745837 0.425303 203
1732258746220 0.252688 204
1732258746610 0.026505 205
1732258747000 0.136879 206
1732258747389 -0.285705 207
1732258747774 -0.056528 208
1732258748155 -0.045066 209
1732258748551 -0.169283 210
1732258748944 0.070935 211
1732258749327 -0.059315 212
1732258749718 0.094188 213
1732258750108 -0.210421 214
1732258750502 0.194489 215
1732258750893 -0.014788 216
1732258751277 -0.011971 217
1732258751662 0.085515 218
1732258752054 -0.098509 219
1732258752442 -0.115064 220
1732258752826 -0.03699 221
1732258753207 -0.083563 222
1732258753588 -0.257912 223
1732258753976 0.126432 224
1732258754367 -0.060919 225
1732258754754 -0.130399 226
1732258755140 0.177677 227
1732258755529 0.043513 228
1732258755917 -0.048042 229
1732258756304 -0.176549 230
1732258756691 0.206164 231
1732258757086 0.11454 232
1732258757472 -0.184675 233
1732258757867 -0.157056 234
1732258758261 0.072978 235
1732258758656 -0.038087 236
1732258759047 -0.149913 237
1732258759438 0.147044 238
1732258759823 0.302003 239
1732258760210 0.146697 240
1732258760606 -0.094928 241
1732258761002 0.010927 242
1732258761393 -0.016472 243
1732258761784 -0.17178 244
1732258762175 -0.095876 245
1732258762563 0.154045 246
1732258762954 0.066186 247
1732258763344 -0.024816 248
1732258763734 0.30049 249
1732258764121 0.030185 250
1732258764507 0.040002 251
1732258764885 -0.159949 252
1732258765282 0.322515 253
1732258765661 -0.241117 254
1732258766052 0.057785 255
1732258766434 -0.113886 256
1732258766817 0.201929 257
1732258767209 -0.032641 258
1732258767596 -0.035121 259
1732258767974 -0.00207 260
1732258768358 -0.018122 261
1732258768749 0.152785 262
1732258769140 0.306761 263
1732258769537 -0.048757 264
1732258769927 -0.204915 265
1732258770314 -0.201126 266
1732258770708 0.07994 267
1732258771097 0.068424 268
1732258771488 -0.005083 269
1732258771875 -0.120838 270
1732258772261 -0.256283 271
1732258772658 -0.026983 272
1732258773042 -0.011734 273
1732258773429 -0.121643 274
1732258773815 0.254726 275
1732258774204 0.083152 276
1732258774591 -0.025061 277
1732258774974 0.036816 278
1732258775355 0.158287 279
1732258775743 -0.081952 280
1732258776135 -0.260249 281
1732258776522 -0.091197 282
1732258776905 0.033064 283
1732258777283 -0.156708 284
1732258777693 0.08349 285
1732258778077 0.133976 286
1732258778456 0.110444 287
1732258778837 -0.118949 288
1732258779222 -0.199871 289
1732258779619 0.201939 290
1732258780002 0.178752 291
1732258780379 0.143303 292
1732258780764 -0.058035 293
1732258781147 -0.109065 294
1732258781527 -0.141209 295
1732258781906 -0.012171 296
1732258782298 0.05759 297
1732258782676 0.026809 298
1732258783062 -0.074207 299
1732258783442 -0.161364 300
1732258783826 0.067705 301
1732258784208 -0.26713 302
1732258784589 -0.116445 303
1732258784972 0.017974 304
1732258785364 -0.046273 305
1732258785754 0.04576 306
1732258786149 -0.005704 307
1732258786534 0.145758 308
1732258786919 -0.018576 309
1732258787305 -0.077304 310
1732258787688 -0.022077 311
1732258788065 -0.09121 312
1732258788451 -0.229054 313
1732258788833 -0.069958 314
1732258789217 0.073732 315
1732258789600 -0.096027 316
1732258789996 -0.162345 317
1732258790394 -0.133252 318
1732258790783 -0.163403 319
1732258791170 0.124492 320
1732258791553 0.103673 321
1732258791959 0.01203 322
1732258792342 0.133409 323
1732258792737 -0.175719 324
1732258793123 0.004779 325
1732258793501 -0.087002 326
1732258793902 0.084589 327
1732258794283 0.196688 328
1732258794670 -0.021486 329
1732258795056 -0.161842 330
1732258795435 -0.01618 331
1732258795827 -0.064819 332
1732258796213 -0.082964 333
1732258796604 -0.162489 334
1732258796989 0.004833 335
1732258797382 -0.357248 336
1732258797782 -0.120624 337
1732258798179 -0.100407 338
1732258798568 0.048821 339
1732258798956 0.195361 340
1732258799345 0.247739 341
1732258799739 -0.233532 342
1732258800142 0.169901 343
1732258800527 0.017683 344
1732258800913 -0.033664 345
1732258801306 -0.028056 346
1732258801693 -0.022907 347
1732258802090 -0.011486 348
1732258802487 -0.155482 349
1732258802868 0.0063 350
1732258803251 0.066935 351
1732258803647 -0.058106 352
1732258804037 0.110053 353
1732258804432 0.011195 354
1732258804812 0.043895 355
1732258805207 -0.202679 356
1732258805603 0.016869 357
1732258805986 0.031481 358
1732258806373 0.03893 359
1732258806764 0.083576 360
1732258807151 0.121494 361
1732258807542 0.032511 362
1732258807923 0.063689 363
1732258808307 0.139649 364
1732258808690 0.033794 365
1732258809075 -0.383525 366
1732258809470 -0.06671 367
1732258809858 -0.008194 368
1732258810241 0.008667 369
1732258810621 -0.241714 370
1732258811000 -0.053642 371
1732258811380 0.073108 372
1732258811768 0.235517 373
1732258812146 -0.042729 374
1732258812548 -0.106774 375
1732258812925 0.017919 376
1732258813308 -0.212096 377
1732258813695 0.478845 378
1732258814083 -0.018619 379
1732258814472 -0.203603 380
1732258814859 0.010747 381
1732258815247 0.045415 382
1732258815630 0.32141 383
1732258816014 -0.144833 384
1732258816404 0.066915 385
1732258816792 0.035336 386
1732258817174 0.249709 387
1732258817555 0.165214 388
1732258817945 0.070179 389
1732258818324 0.093446 390
1732258818707 0.044937 391
1732258819093 -0.012367 392
1732258819495 0.164584 393
1732258819883 -0.548271 394
1732258820280 0.247846 395
1732258820669 0.020887 396
1732258821058 0.192908 397
1732258821446 0.209621 398
1732258821834 -0.031867 399
1732258822222 0.232463 400
1732258822620 0.016116 401
1732258823008 0.08224 402
1732258823395 -0.143303 403
1732258823785 0.084643 404
1732258824174 -0.052721 405
1732258824561 -0.018781 406
1732258824945 -0.150341 407
1732258825331 -0.018525 408
1732258825715 -0.05612 409
1732258826103 -0.047207 410
1732258826494 -0.235235 411
1732258826878 0.094871 412
1732258827262 0.367889 413
1732258827643 -0.171918 414
1732258828033 -0.053171 415
1732258828429 -0.005054 416
1732258828809 0.124917 417
1732258829192 -0.013284 418
1732258829581 -0.183122 419
1732258829962 -0.173923 420
1732258830341 -0.254273 421
1732258830726 -0.055878 422
1732258831112 -0.208141 423
1732258831499 -0.064294 424
1732258831883 0.025272 425
1732258832271 -0.159039 426
1732258832661 -0.002409 427
1732258833056 0.059191 428
1732258833451 -0.226442 429
1732258833831 0.472105 430
1732258834225 -0.180622 431
1732258834616 0.002771 432
1732258834998 0.019218 433
1732258835385 -0.206232 434
1732258835786 0.050932 435
1732258836196 -0.181394 436
1732258836611 -0.021429 437
1732258837030 -0.321803 438
1732258837435 -0.079287 439
1732258837853 0.174293 440
1732258838241 -0.188024 441
1732258838642 -0.370123 442
1732258839035 -0.118078 443
1732258839428 -0.046885 444
1732258839814 0.182561 445
1732258840208 0.051169 446
1732258840598 -0.189431 447
1732258841003 -0.11244 448
1732258841427 0.161917 449
1732258841817 -0.285373 450
1732258842217 -0.329527 451
1732258842612 0.047606 452
1732258843007 0.198894 453
1732258843414 -0.039393 454
1732258843812 0.162989 455
1732258844216 -0.170925 456
1732258844643 -0.042607 457
1732258845042 0.061556 458
1732258845462 0.136908 459
1732258845877 0.131557 460
1732258846273 0.034982 461
1732258846670 0.03684 462
1732258847067 -0.016132 463
1732258847481 0.186443 464
1732258847880 -0.071063 465
1732258848291 0.09713 466
1732258848695 0.080311 467
1732258849105 0.073822 468
1732258849511 0.236531 469
1732258849900 0.233421 470
1732258850295 0.0102 471
1732258850689 -0.150753 472
1732258851076 0.172283 473
1732258851470 0.401686 474
1732258851854 -0.198481 475
1732258852237 0.018772 476
1732258852631 0.307503 477
1732258853019 -0.059563 478
1732258853429 -0.000148 479
1732258853824 0.248141 480
1732258854221 0.110062 481
1732258854617 -0.137654 482
1732258855011 -0.063279 483
1732258855407 0.037027 484
1732258855795 -0.022323 485
1732258856197 -0.051912 486
1732258856591 -0.047389 487
1732258856977 -0.051867 488
1732258857376 -0.322959 489
1732258857789 0.069476 490
1732258858287 -0.090081 491
1732258858692 -0.174522 492
1732258859094 0.051786 493
1732258859493 0.179437 494
1732258859901 0.111178 495
1732258860312 -0.021724 496
1732258860707 -0.224522 497
1732258861100 0.193316 498
1732258861504 -0.117657 499
1732258861905 -0.190987 500
1732258862303 0.24522 501
1732258862711 -0.145147 502
1732258863105 -0.302196 503
1732258863521 -0.024576 504
1732258863931 -0.199118 505
1732258864323 -0.057841 506
1732258864736 0.27169 507
1732258865138 -0.130422 508
1732258865546 0.105792 509
1732258865967 0.011024 510
1732258866367 -0.211196 511
1732258866771 -0.005211 512
1732258867176 0.023755 513
1732258867564 -0.072525 514
1732258867970 -0.400452 515
1732258868371 -0.587975 516
1732258868759 -0.373208 517
1732258869174 -0.000198 518
1732258869576 -0.021773 519
1732258869973 -0.113412 520
1732258870363 -0.22363 521
1732258870758 0.059725 522
1732258871177 -0.098848 523
1732258871564 -0.075358 524
1732258871963 0.006454 525
1732258872355 -0.075816 526
1732258872752 -0.024141 527
1732258873150 0.002008 528
1732258873549 -0.125943 529
1732258873938 -0.153939 530
1732258874342 -0.027819 531
1732258874737 0.162797 532
1732258875137 0.15646 533
1732258875536 -0.103226 534
1732258875930 -0.037977 535
1732258876329 -0.011128 536
1732258876721 0.073748 537
1732258877108 0.217168 538
1732258877497 -0.273288 539
1732258877889 -0.076527 540
1732258878281 -0.068245 541
1732258878678 0.035617 542
1732258879076 0.009617 543
1732258879486 -0.031756 544
1732258879871 -0.170575 545
1732258880262 -0.062824 546
1732258880653 -0.550634 547
1732258881045 -0.3352 548
1732258881440 0.076734 549
1732258881830 0.194352 550
1732258882234 -0.109523 551
1732258882623 -0.219007 552
1732258883016 0.120575 553
1732258883413 -0.309885 554
1732258883800 0.07528 555
1732258884190 -0.213807 556
1732258884588 -0.106215 557
1732258884980 0.05405 558
1732258885380 0.069768 559
1732258885776 0.281084 560
1732258886158 0.075549 561
1732258886545 0.089237 562
1732258886947 -0.082303 563
1732258887330 -0.017519 564
1732258887715 -0.113656 565
1732258888103 -0.012915 566
1732258888494 0.067109 567
1732258888873 0.085013 568
1732258889261 0.076303 569
1732258889647 -0.053585 570
1732258890032 -0.04488 571
1732258890419 0.096703 572
1732258890804 0.243627 573
1732258891195 -0.150533 574
1732258891577 -0.145024 575
1732258891979 -0.308694 576
1732258892359 -0.008194 577
1732258892743 -0.005683 578
1732258893130 0.13443 579
1732258893506 0.120278 580
1732258893892 -0.370823 581
1732258894270 -0.681584 582
1732258894659 0.005477 583
1732258895038 -0.584682 584
1732258895421 -0.282467 585
1732258895813 0.265228 586
1732258896197 0.054667 587
1732258896582 0.057435 588
1732258896970 0.189113 589
1732258897352 -0.048284 590
1732258897729 0.023371 591
1732258898117 -0.323036 592
1732258898495 -0.124243 593
1732258898887 -0.154719 594
1732258899270 -0.316842 595
1732258899652 0.024492 596
1732258900037 -0.460676 597
1732258900422 -0.160262 598
1732258900810 -0.031904 599
1732258901201 0.049101 600
1732258901580 -0.054153 601
1732258901967 0.125358 602
1732258902347 0.118331 603
1732258902722 -0.086869 604
1732258903109 -0.114354 605
1732258903502 0.177369 606
1732258903885 0.093317 607
1732258904265 -0.08529 608
1732258904654 0.056535 609
1732258905042 -0.225442 610
1732258905425 -0.032927 611
1732258905810 -0.306634 612
1732258906197 -0.158447 613
1732258906577 -0.052805 614
1732258906974 -0.071136 615
1732258907357 -0.09436 616
1732258907737 -0.100972 617
1732258908116 0.025161 618
1732258908494 -0.473687 619
1732258908872 0.13644 620
1732258909255 -0.052307 621
1732258909632 0.281763 622
1732258910039 -0.079813 623
1732258910428 0.061166 624
1732258910812 -0.089319 625
1732258911198 0.039815 626
1732258911585 0.063425 627
1732258911966 -0.041497 628
1732258912345 0.018344 629
1732258912725 -0.263993 630
1732258913114 -0.048813 631
1732258913500 0.061998 632
1732258913884 -0.101851 633
1732258914262 -0.089567 634
1732258914652 0.055125 635
1732258915029 -0.015743 636
1732258915424 0.078236 637
1732258915806 0.006394 638
1732258916185 -0.005077 639
1732258916568 0.254031 640
1732258916944 0.207023 641
1732258917332 0.492392 642
1732258917713 0.230881 643
1732258918092 0.012756 644
1732258918476 -0.208687 645
1732258918861 0.043413 646
1732258919246 0.02456 647
1732258919624 -0.060677 648
1732258920002 -0.111085 649
1732258920390 -0.225097 650
1732258920778 -0.107143 651
1732258921166 -0.294486 652
1732258921545 0.008952 653
1732258921941 0.077842 654
1732258922328 -0.119861 655
1732258922708 0.142676 656
1732258923092 0.177372 657
1732258923495 -0.166655 658
1732258923881 -0.099301 659
1732258924262 -0.208839 660
1732258924637 -0.137083 661
1732258925018 0.080507 662
1732258925409 0.060974 663
1732258925791 0.14927 664
1732258926173 0.062675 665
1732258926564 0.090804 666
1732258926946 -0.467732 667
1732258927326 -0.1422 668
1732258927704 -0.40593 669
1732258928082 0.125225 670
1732258928469 -0.08198 671
1732258928853 -0.026717 672
1732258929235 -0.024921 673
1732258929619 0.026944 674
1732258929999 -0.168164 675
1732258930379 0.202774 676
1732258930770 -0.219102 677
1732258931150 -0.039056 678
1732258931544 -0.185807 679
1732258931933 0.122457 680
1732258932330 -0.050027 681
1732258932711 0.012716 682
1732258933099 -0.059224 683
1732258933491 -0.1494 684
1732258933873 0.087643 685
1732258934261 -0.044601 686
1732258934642 0.008725 687
1732258935028 -0.242336 688
1732258935419 -0.178971 689
1732258935822 -0.159173 690
1732258936222 0.217984 691
1732258936604 -0.217964 692
1732258936987 -0.0977 693
1732258937374 -0.118487 694
1732258937752 0.221115 695
1732258938132 -0.184464 696
1732258938520 -0.18504 697
1732258938904 -0.142592 698
1732258939285 -0.040538 699
1732258939667 -0.087401 700
1732258940047 0.039899 701
1732258940434 -0.03429 702
1732258940818 -0.242938 703
1732258941206 -0.275092 704
1732258941598 -0.008531 705
1732258941990 -0.426969 706
1732258942373 -0.012692 707
1732258942757 -0.050963 708
1732258943144 -0.125538 709
1732258943529 -0.001842 710
1732258943914 -0.111076 711
1732258944298 -0.071897 712
1732258944688 -0.091523 713
1732258945069 -0.381664 714
1732258945447 -0.016186 715
1732258945835 0.162512 716
1732258946220 -0.13806 717
1732258946604 -0.025419 718
1732258946994 0.376443 719
1732258947382 -0.070822 720
1732258947762 0.309313 721
1732258948151 -0.053028 722
1732258948533 -0.255008 723
1732258948919 0.02606 724
1732258949299 -0.050376 725
1732258949686 -0.229541 726
1732258950075 -0.176556 727
1732258950456 0.671482 728
1732258950849 -0.502436 729
1732258951241 -0.079125 730
1732258951619 0.31387 731
1732258951995 -0.567893 732
1732258952378 0.042553 733
1732258952763 -0.245755 734
1732258953141 0.029774 735
1732258953518 -0.079517 736
1732258953915 -0.210991 737
1732258954299 0.13146 738
1732258954673 -0.00778 739
1732258955052 -0.209875 740
1732258955434 -0.097287 741
1732258955811 -0.14309 742
1732258956191 -0.13083 743
1732258956572 0.029136 744
1732258956960 -0.002367 745
1732258957343 0.065802 746
1732258957722 0.062608 747
1732258958111 -0.151745 748
1732258958498 -0.064757 749
1732258958877 -0.214672 750
1732258959271 -0.066605 751
1732258959650 0.00704 752
1732258960034 -0.274605 753
1732258960425 -0.064874 754
1732258960805 -0.246649 755
1732258961191 -0.113772 756
1732258961577 -0.036723 757
1732258961969 -0.600782 758
1732258962361 -0.052168 759
1732258962746 0.188202 760
1732258963135 -0.041861 761
1732258963522 -0.019014 762
1732258963912 0.068445 763
1732258964294 0.08084 764
1732258964680 -0.038456 765
1732258965057 0.127694 766
1732258965439 0.102239 767
1732258965820 0.161378 768
1732258966216 0.129548 769
1732258966597 -0.181082 770
1732258966987 0.091583 771
1732258967367 0.135506 772
1732258967751 0.079469 773
1732258968139 0.290872 774
1732258968535 0.070222 775
1732258968914 0.028823 776
1732258969302 0.212802 777
1732258969682 0.075296 778
1732258970072 0.208713 779
1732258970447 0.173839 780
1732258970833 -0.125236 781
1732258971222 0.052592 782
1732258971606 -0.077101 783
1732258971995 -0.233814 784
1732258972419 -0.076891 785
1732258972805 -0.177841 786
1732258973233 -0.139584 787
1732258973634 0.018682 788
1732258974041 -0.058731 789
1732258974436 0.150642 790
1732258974843 -0.119805 791
1732258975245 -0.111145 792
1732258975649 -0.030598 793
1732258976055 -0.121934 794
1732258976459 0.109464 795
1732258976854 -0.005819 796
1732258977242 -0.042002 797
1732258977620 -0.035192 798
1732258978006 -0.059406 799
1732258978395 0.003104 800
1732258978785 -0.007409 801
1732258979170 -0.116324 802
1732258979553 -0.691041 803
1732258979937 -0.091061 804
1732258980334 0.000425 805
1732258980724 -0.059104 806
1732258981117 -0.06144 807
1732258981505 0.105765 808
1732258981885 -0.185896 809
1732258982279 0.49153 810
1732258982663 0.057287 811
1732258983064 -0.273062 812
1732258983450 -0.170213 813
1732258983843 -0.013476 814
1732258984220 0.136574 815
1732258984610 0.077234 816
1732258985000 -0.049976 817
1732258985391 -0.15799 818
1732258985783 -0.060034 819
1732258986185 -0.004973 820
1732258986570 -0.011857 821
1732258986953 0.173481 822
1732258987342 -0.123217 823
1732258987723 -0.20984 824
1732258988108 0.154255 825
1732258988500 -0.031959 826
1732258988881 -0.097503 827
1732258989283 0.052095 828
1732258989674 0.009216 829
1732258990065 -0.457551 830
1732258990453 -0.060969 831
1732258990841 -0.020926 832
1732258991238 -0.014566 833
1732258991634 -0.072967 834
1732258992021 0.21969 835
1732258992423 -0.029324 836
1732258992821 -0.328461 837
1732258993211 0.075903 838
1732258993607 -0.079375 839
1732258993999 -0.092374 840
1732258994389 -0.080125 841
1732258994770 -0.083769 842
1732258995160 -0.528536 843
1732258995550 -0.090642 844
1732258995941 -0.08513 845
1732258996333 -0.035769 846
1732258996716 0.277996 847
1732258997105 0.029386 848
1732258997498 -0.191223 849
1732258997892 -0.142664 850
1732258998281 0.07792 851
1732258998670 0.060032 852
1732258999061 -0.013076 853
1732258999447 0.098188 854
1732258999829 0.049799 855
1732259000210 -0.174584 856
1732259000593 0.05209 857
1732259000982 0.112145 858
1732259001375 0.350422 859
1732259001752 -0.086136 860
1732259002145 0.008032 861
1732259002526 0.058192 862
1732259002915 0.008454 863
1732259003302 -0.231898 864
1732259003688 0.000212 865
1732259004080 0.133229 866
1732259004469 -0.090206 867
1732259004848 -0.011859 868
1732259005228 0.010918 869
1732259005623 -0.134083 870
1732259006008 0.19167 871
1732259006396 0.263599 872
1732259006781 0.076408 873
1732259007162 0.251879 874
1732259007543 -0.115071 875
1732259007922 -0.144056 876
1732259008305 -0.186736 877
1732259008684 -0.150349 878
1732259009059 0.003173 879
1732259009444 0.067981 880
1732259009839 -0.160987 881
1732259010242 -0.054904 882
1732259010624 -0.068035 883
1732259011005 -0.099568 884
1732259011398 0.185014 885
1732259011790 -0.068532 886
1732259012172 -0.074203 887
1732259012552 -0.532309 888
1732259012936 0.06246 889
1732259013333 -0.051018 890
1732259013722 0.053366 891
1732259014108 0.070935 892
1732259014494 -0.077135 893
1732259014884 0.00256 894
1732259015276 -0.116843 895
1732259015661 0.121908 896
1732259016044 0.107414 897
1732259016438 0.010789 898
1732259016824 -0.171502 899
1732259017212 -0.053721 900
1732259017600 -0.048836 901
1732259017999 -0.179765 902
1732259018388 0.290897 903
1732259018770 -0.316956 904
1732259019164 0.081343 905
1732259019552 0.117539 906
1732259019946 -0.024174 907
1732259020332 0.055075 908
1732259020714 0.131936 909
1732259021098 -0.250882 910
1732259021479 0.013876 911
1732259021868 -0.123167 912
1732259022255 -0.036478 913
1732259022635 -0.00848 914
1732259023032 0.007806 915
1732259023416 0.25587 916
1732259023803 0.039162 917
1732259024196 -0.106108 918
1732259024588 -0.131253 919
1732259024975 -0.327019 920
1732259025365 0.004662 921
1732259025745 -0.0606 922
1732259026136 0.061179 923
1732259026521 -0.107029 924
1732259026899 0.111609 925
1732259027293 -0.15137 926
1732259027676 -0.39941 927
1732259028059 -0.189553 928
1732259028444 0.288695 929
1732259028825 -0.290689 930
1732259029214 0.24511 931
1732259029604 -0.231624 932
1732259029992 0.046695 933
1732259030384 0.171654 934
1732259030766 0.088126 935
1732259031165 0.186092 936
1732259031551 0.047495 937
1732259031931 -0.029141 938
1732259032315 -0.0146 939
1732259032708 0.062568 940
1732259033084 -0.072081 941
1732259033471 -0.153758 942
1732259033859 0.341087 943
1732259034247 0.029727 944
1732259034633 -0.211009 945
1732259035015 -0.095353 946
1732259035410 0.180879 947
1732259035793 -0.050756 948
1732259036171 -0.023665 949
1732259036557 0.176282 950
1732259036946 -0.070429 951
1732259037323 0.002117 952
1732259037706 0.029848 953
1732259038098 -0.070353 954
1732259038487 -0.206802 955
1732259038879 -0.031962 956
1732259039271 0.079911 957
1732259039660 -0.189014 958
1732259040048 -0.079573 959
1732259040438 -0.153308 960
1732259040830 -0.092143 961
1732259041213 -0.091456 962
1732259041605 0.120329 963
1732259041996 -0.038707 964
1732259042388 -0.218017 965
1732259042766 -0.0574 966
1732259043154 -0.023156 967
1732259043537 0.089519 968
1732259043933 0.201563 969
1732259044323 -0.085626 970
1732259044719 -0.530725 971
1732259045108 -0.140899 972
1732259045506 -0.325344 973
1732259045893 0.276282 974
1732259046283 -0.09207 975
1732259046673 0.038555 976
1732259047057 -0.02144 977
1732259047443 -0.100486 978
1732259047833 0.022061 979
1732259048214 0.138945 980
1732259048605 0.168285 981
1732259048987 0.111 982
1732259049385 0.005604 983
1732259049766 0.003743 984
1732259050155 0.017922 985
1732259050536 0.060271 986
1732259050933 0.223038 987
1732259051319 0.290585 988
1732259051702 -0.166449 989
1732259052098 -0.314667 990
1732259052500 0.08049 991
1732259052886 0.173438 992
1732259053278 0.061452 993
1732259053663 -0.083728 994
1732259054052 0.111761 995
1732259054434 0.085419 996
1732259054821 -0.067443 997
1732259055202 0.224326 998
1732259055579 0.002861 999
