1730784884268 31.808033 3
1730784885057 44.780434 7
1730784885743 -75.171059 11
1730784886264 -114.440536 15
1730784886875 160.502762 19
1730784887410 31.419371 23
1730784888010 258.905151 27
1730784888571 198.756912 31
1730784889149 59.894947 35
1730784889689 138.698151 39
1730784890314 32.801376 43
1730784890867 62.269913 47
1730784891489 55.262882 51
1730784892071 95.455315 55
1730784892735 40.862335 59
1730784893328 43.047592 63
1730784893951 68.190376 67
1730784894579 25.065758 71
1730784895203 103.898323 75
1730784895782 143.057831 79
1730784896502 16.52072 83
1730784897164 32.765053 87
1730784897768 173.67305 91
1730784898276 156.205307 95
1730784898878 57.869423 99
1730784899416 163.473923 103
1730784900039 284.808075 107
1730784900602 39.589794 111
1730784901185 38.994656 115
1730784901777 150.559906 119
1730784902360 21.491749 123
1730784902923 -51.848282 127
1730784903505 38.461502 131
1730784904061 71.877335 135
1730784904681 119.732101 139
1730784905212 29.943176 143
1730784905764 -11.405398 147
1730784906267 50.012543 151
1730784906833 9.858601 155
1730784907439 8.902208 159
1730784908105 185.065247 163
1730784908705 42.621033 167
1730784909330 96.045654 171
1730784909888 140.279648 175
1730784910578 140.388901 179
1730784911150 -2.908343 183
1730784911743 197.047333 187
1730784912237 67.815865 191
1730784912792 36.065018 195
1730784913377 42.97736 199
1730784914018 209.064774 203
1730784914517 172.289703 207
1730784915073 132.86586 211
1730784915686 46.536282 215
1730784916258 140.278183 219
1730784916759 49.78804 223
1730784917383 66.432198 227
1730784917928 80.115089 231
1730784918544 -27.165037 235
1730784919168 13.46412 239
1730784919789 7.339603 243
1730784920333 66.716354 247
1730784920916 -7.748568 251
1730784921444 190.357925 255
1730784922141 -27.243374 259
1730784922741 128.752609 263
1730784923408 89.067413 267
1730784923950 -25.351847 271
1730784924566 11.893516 275
1730784925164 39.104263 279
1730784925805 58.338165 283
1730784926341 60.529823 287
1730784926914 14.382893 291
1730784927405 181.9384 295
1730784928008 -6.721883 299
1730784928619 -6.097282 303
1730784929237 194.829147 307
1730784929775 106.262024 311
1730784930387 43.730873 315
1730784931033 23.834618 319
1730784931651 77.871002 323
1730784932228 -46.05122 327
1730784932933 19.097733 331
1730784933527 104.268829 335
1730784934179 20.157507 339
1730784934709 105.317688 343
1730784935250 90.963165 347
1730784935739 9.053908 351
1730784936388 86.974297 355
1730784937017 116.173279 359
1730784937639 7.133364 363
1730784938143 25.783173 367
1730784938746 165.952118 371
1730784939308 37.208549 375
1730784939928 6.189006 379
1730784940525 98.007294 383
1730784941102 115.274406 387
1730784941634 101.640976 391
1730784942237 191.685959 395
1730784942761 64.879929 399
1730784943370 -37.120991 403
1730784943893 230.928436 407
1730784944535 71.122063 411
1730784945026 119.872765 415
1730784945653 50.229862 419
1730784946214 76.498428 423
1730784946802 101.159752 427
1730784947363 12.097989 431
1730784948039 165.986267 435
1730784948622 16.937496 439
1730784949287 130.246002 443
1730784949813 0.558514 447
1730784950377 -35.201763 451
1730784950919 84.993484 455
1730784951527 174.321533 459
1730784952063 119.393181 463
1730784952693 53.226845 467
1730784953231 -4.875798 471
1730784953886 197.558777 475
1730784954448 -41.720478 479
1730784955061 164.130768 483
1730784955584 129.964417 487
1730784956177 168.259537 491
1730784956738 32.148056 495
1730784957403 106.466599 499
