1730863520032 291.410522 31
1730863530857 116.889061 63
1730863541484 -17.482828 95
1730863551361 277.988953 127
1730863561410 39.211468 159
1730863570941 116.71492 191
1730863581221 71.433479 223
1730863591335 20.397144 255
1730863601888 66.570412 287
1730863611744 263.599762 319
1730863622603 103.385254 351
1730863633772 324.281799 383
1730863644128 25.706259 415
1730863655432 228.84549 447
1730863666218 134.717422 479
1730863677213 171.130249 511
1730863687654 55.014545 543
1730863698043 35.117527 575
1730863708935 44.631268 607
1730863719272 -71.235657 639
1730863729617 33.713665 671
1730863739626 265.29538 703
1730863749697 195.965927 735
1730863760010 36.354118 767
1730863769956 97.176529 799
1730863780188 56.928246 831
1730863790091 149.34079 863
1730863799808 108.703697 895
1730863810082 54.506828 927
1730863820469 183.980927 959
1730863830380 38.71582 991
