1731319226856 -0.126301 0
1731319227406 -0.174335 1
1731319227673 -0.664119 2
1731319227892 -0.094777 3
1731319228187 -0.143186 4
1731319228408 -0.094486 5
1731319228646 -0.328409 6
1731319228851 -0.10296 7
1731319229028 -0.123991 8
1731319229203 -0.064387 9
1731319229388 -0.11248 10
1731319229575 -0.249211 11
1731319229743 -0.406495 12
1731319229897 -0.331876 13
1731319230072 -0.483928 14
1731319230240 -0.049284 15
1731319230444 -0.639696 16
1731319230637 -0.787513 17
1731319230826 -0.21827 18
1731319231012 -0.348208 19
1731319231179 0.014697 20
1731319231361 0.006203 21
1731319231556 -0.96513 22
1731319231759 -0.319375 23
1731319231990 -0.135929 24
1731319232156 -0.26142 25
1731319232309 -0.553857 26
1731319232497 0.052226 27
1731319232675 -0.005484 28
1731319232857 -0.252985 29
1731319233029 -0.021242 30
1731319233224 -0.217054 31
1731319233407 -0.035361 32
1731319233588 0.093668 33
1731319233760 -0.251826 34
1731319233944 0.010827 35
1731319234140 -0.314908 36
1731319234358 -0.223737 37
1731319234571 -0.016391 38
1731319234758 -0.142022 39
1731319234957 -0.222042 40
1731319235170 -0.046029 41
1731319235385 -0.842988 42
1731319235571 -0.325678 43
1731319235809 -0.244498 44
1731319235993 -0.348208 45
1731319236198 -0.521456 46
1731319236436 -0.496656 47
1731319236665 -0.50876 48
1731319236854 -0.528333 49
1731319237066 -0.315215 50
1731319237250 -0.325023 51
1731319237446 -0.42661 52
1731319237690 -0.686967 53
1731319237905 -0.077711 54
1731319238117 -0.05434 55
1731319238314 -0.112414 56
1731319238530 -0.174081 57
1731319238742 -0.273431 58
1731319238996 -0.283268 59
1731319239208 -0.515362 60
1731319239462 -0.284119 61
1731319239670 0.131008 62
1731319239922 0.10337 63
1731319240140 -0.368664 64
1731319240378 -0.81188 65
1731319240618 -0.232218 66
1731319240841 -0.115135 67
1731319241017 -0.37699 68
1731319241223 -0.696225 69
1731319241425 -0.200097 70
1731319241653 -0.10249 71
1731319241942 -0.431792 72
1731319242157 -0.373834 73
1731319242360 0.031973 74
1731319242595 0.069177 75
1731319242854 0.020327 76
1731319243054 -0.761118 77
1731319243265 -0.104419 78
1731319243478 0.064436 79
1731319243715 0.308362 80
1731319243905 0.16772 81
1731319244133 -0.549649 82
1731319244351 0.000104 83
1731319244559 -0.306938 84
1731319244748 -0.14157 85
1731319244964 -0.205825 86
1731319245157 -0.130827 87
1731319245369 -0.059147 88
1731319245581 -0.204561 89
1731319245780 -0.278051 90
1731319245980 -0.17385 91
1731319246198 -0.134715 92
1731319246427 -0.168605 93
1731319246653 -0.260488 94
1731319246878 -0.110855 95
1731319247164 -0.41336 96
1731319247348 -0.369556 97
1731319247564 0.042289 98
1731319247787 0.066105 99
1731319247983 -0.479794 100
1731319248203 -0.557005 101
1731319248428 -0.641439 102
1731319248638 -0.500264 103
1731319248873 -0.22761 104
1731319249070 -0.510485 105
1731319249269 -0.398717 106
1731319249500 -0.261397 107
1731319249754 -0.665434 108
1731319249966 -0.51084 109
1731319250190 -0.034677 110
1731319250394 -0.549401 111
1731319250606 -0.263496 112
1731319250848 -0.422316 113
1731319251060 -0.170011 114
1731319251304 -0.552941 115
1731319251503 -0.181871 116
1731319251724 -0.161139 117
1731319251926 -0.119417 118
1731319252136 -0.162617 119
1731319252351 0.14236 120
1731319252556 -0.292537 121
1731319252792 0.010618 122
1731319253045 0.065183 123
1731319253230 -0.476642 124
1731319253488 -0.59706 125
1731319253696 -0.266017 126
1731319253945 -0.143502 127
1731319254199 -0.29007 128
1731319254411 0.125623 129
1731319254654 -0.118188 130
1731319254867 -0.024746 131
1731319255084 -0.238969 132
1731319255281 -0.240706 133
1731319255514 -0.766072 134
1731319255733 -0.203962 135
1731319255970 -0.209232 136
1731319256175 -0.433144 137
1731319256389 0.012443 138
1731319256610 -0.145577 139
1731319256810 0.041366 140
1731319257057 -0.099112 141
1731319257265 -0.107173 142
1731319257509 -0.338926 143
1731319257750 -0.463307 144
1731319257965 -0.042334 145
1731319258188 -0.05658 146
1731319258398 -0.002872 147
1731319258605 0.371908 148
1731319258834 0.030596 149
1731319259037 -0.422865 150
1731319259288 -0.201741 151
1731319259489 -0.563284 152
1731319259690 -0.132693 153
1731319259940 -0.22191 154
1731319260175 -0.004565 155
1731319260411 -0.655928 156
1731319260619 -0.006075 157
1731319260867 -0.507978 158
1731319261092 -0.083043 159
1731319261318 -0.063463 160
1731319261528 -0.670937 161
1731319261734 0.008691 162
1731319261957 0.087726 163
1731319262210 -0.053566 164
1731319262442 -0.490178 165
1731319262653 -0.106944 166
1731319262872 -0.164351 167
1731319263091 -0.072346 168
1731319263307 -0.372636 169
1731319263480 0.095874 170
1731319263694 -0.450354 171
1731319263904 -0.144764 172
1731319264134 -0.187744 173
1731319264367 -0.678705 174
1731319264601 -0.174613 175
1731319264823 -0.111176 176
1731319265066 -0.141537 177
1731319265252 0.047321 178
1731319265464 -0.002257 179
1731319265655 -0.501228 180
1731319265873 -0.327149 181
1731319266123 -0.39227 182
1731319266365 -0.165947 183
1731319266563 -0.590765 184
1731319266747 -0.54388 185
1731319266939 -0.209003 186
1731319267145 -0.380024 187
1731319267334 -0.04683 188
1731319267541 -0.186247 189
1731319267715 -0.413726 190
1731319267944 -0.069315 191
1731319268131 -0.396357 192
1731319268335 -0.635177 193
1731319268576 -0.557499 194
1731319268847 -0.114074 195
1731319269036 -0.287753 196
1731319269277 -0.413679 197
1731319269478 -0.069814 198
1731319269700 -0.614549 199
1731319269930 -0.995867 200
1731319270149 -0.062451 201
1731319270365 0.023214 202
1731319270565 -0.093511 203
1731319270761 0.044827 204
1731319270991 -0.141972 205
1731319271246 0.112586 206
1731319271485 0.210073 207
1731319271692 -1.000349 208
1731319271913 -0.960318 209
1731319272121 -0.584541 210
1731319272333 -0.230296 211
1731319272586 -0.529811 212
1731319272827 -0.491569 213
1731319273069 0.007886 214
1731319273338 -0.279566 215
1731319273539 -0.496422 216
1731319273756 -0.802638 217
1731319273982 -0.023431 218
1731319274198 -0.677367 219
1731319274399 -1.29381 220
1731319274589 0.112685 221
1731319274789 -0.115991 222
1731319275046 0.292766 223
1731319275296 -0.598102 224
1731319275517 -0.460378 225
1731319275741 -0.223153 226
1731319275946 0.165288 227
1731319276183 -0.547791 228
1731319276395 0.28886 229
1731319276620 0.267283 230
1731319276854 -0.957359 231
1731319277078 -0.311509 232
1731319277337 -0.197048 233
1731319277543 -0.098291 234
1731319277778 -0.068285 235
1731319278051 -0.286976 236
1731319278282 -0.881397 237
1731319278510 -0.150884 238
1731319278755 -0.070107 239
1731319278982 -0.25091 240
1731319279252 -1.050791 241
1731319279453 -0.535703 242
1731319279670 -0.227189 243
1731319279927 -0.244326 244
1731319280177 0.170523 245
1731319280450 -0.719059 246
1731319280664 0.105154 247
1731319280873 -0.19827 248
1731319281081 -0.30095 249
1731319281314 -0.816183 250
1731319281528 -0.04456 251
1731319281732 -0.161108 252
1731319281947 -0.239457 253
1731319282164 -0.279543 254
1731319282413 0.102344 255
1731319282680 -1.336473 256
1731319282869 0.171601 257
1731319283114 -0.168105 258
1731319283317 0.654887 259
1731319283529 -0.24597 260
1731319283747 -0.748301 261
1731319283985 -0.588 262
1731319284196 0.255013 263
1731319284414 -0.106433 264
1731319284643 -0.311759 265
1731319284866 -0.190999 266
1731319285102 0.050192 267
1731319285326 -0.825698 268
1731319285540 0.34308 269
1731319285817 -0.322613 270
1731319286072 -0.096699 271
1731319286310 -0.392419 272
1731319286547 0.081164 273
1731319286791 -0.954645 274
1731319287040 -0.12806 275
1731319287276 0.006456 276
1731319287527 -0.913554 277
1731319287774 0.128844 278
1731319288011 -0.62917 279
1731319288286 -0.095265 280
1731319288502 -0.585974 281
1731319288728 -0.179041 282
1731319288946 -0.017116 283
1731319289176 0.093642 284
1731319289448 -0.464432 285
1731319289705 -0.038757 286
1731319289941 0.059273 287
1731319290201 -0.820337 288
1731319290387 -0.822054 289
1731319290602 0.025202 290
1731319290857 -0.23517 291
1731319291073 -1.003882 292
1731319291292 -0.132242 293
1731319291516 -0.055581 294
1731319291715 -0.442153 295
1731319291909 -0.09265 296
1731319292161 -0.414587 297
1731319292376 0.140471 298
1731319292602 -1.389422 299
1731319292806 0.232037 300
1731319293003 0.108109 301
1731319293207 0.042458 302
1731319293411 -0.1521 303
1731319293617 -0.471396 304
1731319293820 -0.00856 305
1731319294006 -0.237756 306
1731319294194 -0.102606 307
1731319294400 -0.254987 308
1731319294621 -0.930083 309
1731319294858 -0.706078 310
1731319295055 -1.117662 311
1731319295291 -0.577482 312
1731319295490 -0.344407 313
1731319295713 0.018827 314
1731319295943 0.10544 315
1731319296149 -0.553101 316
1731319296382 -0.377215 317
1731319296593 -0.659291 318
1731319296783 -0.042602 319
1731319296985 -0.83714 320
1731319297188 0.065254 321
1731319297410 0.00035 322
1731319297632 -0.586926 323
1731319297831 0.29111 324
1731319298043 0.270072 325
1731319298239 -0.022924 326
1731319298441 -0.126932 327
1731319298640 -0.095234 328
1731319298847 -0.125795 329
1731319299165 -0.337667 330
1731319299403 0.002276 331
1731319299611 -0.680413 332
1731319299830 -0.195217 333
1731319300037 -0.159134 334
1731319300245 -0.224274 335
1731319300465 -0.936533 336
1731319300681 0.051262 337
1731319300890 -0.222215 338
1731319301106 -0.125891 339
1731319301306 -0.906061 340
1731319301516 -0.908077 341
1731319301764 -0.681811 342
1731319301985 -0.378223 343
1731319302246 0.038523 344
1731319302535 0.03147 345
1731319302745 -0.490616 346
1731319302999 -0.005909 347
1731319303220 -0.629264 348
1731319303462 0.013789 349
1731319303746 -0.112109 350
1731319303941 -0.002444 351
1731319304183 -0.499484 352
1731319304395 -0.122465 353
1731319304609 -0.099831 354
1731319304831 -0.583647 355
1731319305092 -0.56709 356
1731319305337 -0.164986 357
1731319305544 0.067087 358
1731319305751 -0.631573 359
1731319305961 -0.165482 360
1731319306208 0.227479 361
1731319306432 -0.895433 362
1731319306644 0.046934 363
1731319306873 -0.29418 364
1731319307116 -0.126591 365
1731319307332 -0.247383 366
1731319307580 -0.177085 367
1731319307809 -0.76425 368
1731319308036 0.236595 369
1731319308266 -0.654199 370
1731319308511 -0.390496 371
1731319308703 -0.618626 372
1731319308931 -0.256267 373
1731319309211 -0.134338 374
1731319309413 -0.870455 375
1731319309632 -0.535424 376
1731319309871 0.157988 377
1731319310115 -0.418766 378
1731319310384 0.089834 379
1731319310614 0.124097 380
1731319310885 -0.961576 381
1731319311074 -0.496818 382
1731319311307 -0.309837 383
1731319311521 -0.740665 384
1731319311806 -0.178492 385
1731319312046 0.234353 386
1731319312258 -0.235592 387
1731319312441 -0.093585 388
1731319312667 0.041917 389
1731319312871 -0.562758 390
1731319313112 -0.451874 391
1731319313340 -0.074451 392
1731319313580 -0.138827 393
1731319313829 -0.131071 394
1731319314031 -0.042892 395
1731319314232 -0.976994 396
1731319314489 -0.695644 397
1731319314706 -0.097916 398
1731319314937 -0.489115 399
1731319315148 0.100548 400
1731319315361 -0.688784 401
1731319315578 -0.146825 402
1731319315772 -0.323744 403
1731319315969 0.040503 404
1731319316168 -0.30106 405
1731319316396 -0.088344 406
1731319316636 -0.382894 407
1731319316866 -0.075021 408
1731319317112 -0.121126 409
1731319317319 -1.268478 410
1731319317552 -0.081848 411
1731319317785 0.064778 412
1731319317977 -0.205826 413
1731319318200 0.204983 414
1731319318445 -0.310522 415
1731319318683 -0.950354 416
1731319318886 -0.815372 417
1731319319128 -0.060127 418
1731319319352 -0.618031 419
1731319319548 -0.925488 420
1731319319764 -0.121846 421
1731319319997 -0.069051 422
1731319320240 -0.762229 423
1731319320464 -0.799893 424
1731319320667 0.055403 425
1731319320879 -0.498164 426
1731319321080 0.204362 427
1731319321349 -0.846723 428
1731319321536 -0.426394 429
1731319321724 -0.394959 430
1731319321964 -0.647811 431
1731319322174 -0.270951 432
1731319322391 -0.868308 433
1731319322568 -0.108647 434
1731319322761 0.051984 435
1731319322991 -0.076456 436
1731319323243 -0.194657 437
1731319323421 0.43394 438
1731319323657 0.24172 439
1731319323902 -0.125203 440
1731319324106 -0.129332 441
1731319324366 -0.563342 442
1731319324593 0.095747 443
1731319324811 0.229049 444
1731319325027 -0.586702 445
1731319325240 -0.30467 446
1731319325461 0.039425 447
1731319325666 0.277358 448
1731319325894 -0.514953 449
1731319326113 -0.256874 450
1731319326377 -0.05958 451
1731319326609 -0.201156 452
1731319326826 -0.4645 453
1731319327067 -0.582113 454
1731319327360 -0.573886 455
1731319327585 0.158702 456
1731319327816 0.160796 457
1731319328053 0.097025 458
1731319328271 -0.588854 459
1731319328539 0.042807 460
1731319328751 -0.729162 461
1731319328994 -0.502618 462
1731319329221 -1.117381 463
1731319329457 -0.111471 464
1731319329668 -0.421799 465
1731319329891 -0.307487 466
1731319330133 0.59032 467
1731319330363 0.054885 468
1731319330563 0.023803 469
1731319330783 0.001617 470
1731319330989 -0.704817 471
1731319331181 -0.642436 472
1731319331379 -0.735715 473
1731319331574 0.053441 474
1731319331786 -0.027358 475
1731319332006 -0.685613 476
1731319332216 -0.222843 477
1731319332428 -0.73168 478
1731319332636 -1.128891 479
1731319332847 -1.092213 480
1731319333064 -0.500302 481
1731319333274 0.180517 482
1731319333483 -0.313257 483
1731319333704 -0.444804 484
1731319333973 -0.178497 485
1731319334188 0.027664 486
1731319334390 -0.873916 487
1731319334581 0.004045 488
1731319334777 0.06326 489
1731319334987 0.241518 490
1731319335195 -0.06025 491
1731319335414 -0.807002 492
1731319335663 -0.472743 493
1731319335865 -0.049526 494
1731319336102 0.4256 495
1731319336311 -0.251639 496
1731319336546 -0.260906 497
1731319336772 -0.045037 498
1731319336994 -1.120263 499
1731319337179 -0.503522 500
1731319337393 -0.257907 501
1731319337646 -0.301422 502
1731319337863 -0.872166 503
1731319338072 0.183393 504
1731319338302 -0.854581 505
1731319338498 0.101185 506
1731319338718 0.134178 507
1731319338951 -0.541593 508
1731319339146 0.268222 509
1731319339386 -0.060001 510
1731319339580 -0.134066 511
1731319339850 -0.064384 512
1731319340070 0.005525 513
1731319340277 0.312206 514
1731319340502 -0.454735 515
1731319340689 -0.461995 516
1731319340921 -0.61167 517
1731319341171 -0.696062 518
1731319341386 -0.281678 519
1731319341597 -0.705621 520
1731319341842 -0.112513 521
1731319342079 -0.816118 522
1731319342277 -0.064266 523
1731319342528 -0.545172 524
1731319342741 -0.055732 525
1731319342976 -0.152596 526
1731319343177 -0.361504 527
1731319343380 -0.022232 528
1731319343586 0.052474 529
1731319343813 -0.593236 530
1731319344032 -0.468048 531
1731319344272 -0.788772 532
1731319344497 -0.076716 533
1731319344695 -0.997073 534
1731319344903 -0.425414 535
1731319345112 -1.121749 536
1731319345359 -0.136668 537
1731319345554 -0.916756 538
1731319345754 0.055454 539
1731319345987 -0.567914 540
1731319346219 0.109394 541
1731319346438 0.004028 542
1731319346671 -0.434947 543
1731319346891 -0.030211 544
1731319347090 0.085183 545
1731319347297 -0.05061 546
1731319347489 -0.239481 547
1731319347705 -0.223373 548
1731319347907 -0.691418 549
1731319348131 0.370103 550
1731319348349 -0.028721 551
1731319348574 -0.004042 552
1731319348770 0.070434 553
1731319348977 -0.1971 554
1731319349178 -0.163745 555
1731319349388 0.177263 556
1731319349625 -0.434295 557
1731319349853 -0.414376 558
1731319350089 -0.258676 559
1731319350323 -0.661615 560
1731319350539 -0.151897 561
1731319350762 -0.054264 562
1731319350982 -0.425152 563
1731319351225 0.051039 564
1731319351469 0.262225 565
1731319351717 -0.111479 566
1731319351936 -1.715355 567
1731319352170 -0.573884 568
1731319352433 -0.673488 569
1731319352672 0.099922 570
1731319352893 -0.108678 571
1731319353100 -0.006519 572
1731319353312 -0.283989 573
1731319353501 0.036698 574
1731319353697 -0.078799 575
1731319353899 -0.071827 576
1731319354104 -0.704571 577
1731319354308 -0.311014 578
1731319354501 -0.023006 579
1731319354727 -0.249682 580
1731319354947 0.025456 581
1731319355189 -0.608041 582
1731319355482 -0.613311 583
1731319355715 -0.79904 584
1731319355929 0.154205 585
1731319356154 -0.56344 586
1731319356386 0.04894 587
1731319356637 -0.594995 588
1731319356851 -1.027911 589
1731319357100 -0.497804 590
1731319357370 0.039516 591
1731319357593 -0.052122 592
1731319357837 -0.239965 593
1731319358064 0.055554 594
1731319358311 0.13121 595
1731319358547 -0.024644 596
1731319358799 0.165994 597
1731319359032 -1.482087 598
1731319359265 -0.176818 599
1731319359458 -0.183852 600
1731319359650 -0.757551 601
1731319359892 -0.019814 602
1731319360080 -0.019801 603
1731319360271 -0.059526 604
1731319360479 -0.505863 605
1731319360676 -0.056619 606
1731319360861 -0.170236 607
1731319361107 -0.601925 608
1731319361317 -0.50638 609
1731319361533 -0.147541 610
1731319361741 -0.357589 611
1731319361959 0.168507 612
1731319362180 0.04539 613
1731319362400 -0.014067 614
1731319362608 -0.132091 615
1731319362819 -0.738186 616
1731319363055 -0.116921 617
1731319363256 -0.721409 618
1731319363495 -0.639389 619
1731319363723 -0.406141 620
1731319363944 -0.47937 621
1731319364203 -0.695474 622
1731319364402 0.036348 623
1731319364606 -0.181934 624
1731319364794 -0.697688 625
1731319364985 -0.081741 626
1731319365180 -0.241216 627
1731319365355 -0.357848 628
1731319365577 0.185001 629
1731319365788 -0.373799 630
1731319365975 -0.471191 631
1731319366142 -0.352493 632
1731319366373 -0.72821 633
1731319366595 0.238456 634
1731319366810 0.083287 635
1731319367006 -0.122069 636
1731319367227 -0.765138 637
1731319367430 -0.605 638
1731319367644 -0.666576 639
1731319367851 -0.197048 640
1731319368073 -0.01761 641
1731319368263 -0.594836 642
1731319368481 -0.460606 643
1731319368699 -0.259355 644
1731319368927 -0.681319 645
1731319369153 -0.027532 646
1731319369374 -0.095847 647
1731319369600 -0.102036 648
1731319369793 -0.08896 649
1731319369994 -0.268167 650
1731319370223 -0.055667 651
1731319370454 -0.321264 652
1731319370658 -0.437076 653
1731319370905 0.233504 654
1731319371112 -0.674687 655
1731319371318 -0.112196 656
1731319371546 0.164769 657
1731319371765 0.054029 658
1731319372015 0.016661 659
1731319372216 -0.624789 660
1731319372442 -0.768031 661
1731319372682 -0.673264 662
1731319372891 -0.049381 663
1731319373098 -0.04056 664
1731319373309 -0.707698 665
1731319373508 -0.206027 666
1731319373714 -0.351463 667
1731319373918 0.145236 668
1731319374142 -0.432874 669
1731319374332 -0.156453 670
1731319374534 -0.054811 671
1731319374787 -0.078677 672
1731319375010 -0.490227 673
1731319375229 -0.304685 674
1731319375432 -0.468215 675
1731319375632 -0.028061 676
1731319375832 0.226766 677
1731319376039 -0.060477 678
1731319376277 -0.152211 679
1731319376519 0.10343 680
1731319376712 0.214246 681
1731319376959 -0.212554 682
1731319377181 0.073811 683
1731319377390 -0.115397 684
1731319377594 -0.286062 685
1731319377818 0.013161 686
1731319378020 -0.586708 687
1731319378225 -0.597454 688
1731319378429 -0.280014 689
1731319378661 -0.466117 690
1731319378893 -0.034524 691
1731319379110 -0.730665 692
1731319379329 -0.59923 693
1731319379557 -0.454431 694
1731319379755 0.300656 695
1731319379962 -0.579158 696
1731319380174 -0.225656 697
1731319380380 0.068464 698
1731319380660 -0.019654 699
1731319380870 -0.105311 700
1731319381084 -0.443732 701
1731319381314 -0.409598 702
1731319381535 0.098404 703
1731319381751 0.027055 704
1731319381970 -0.566412 705
1731319382201 -0.153901 706
1731319382400 -0.018374 707
1731319382619 -0.059422 708
1731319382823 -0.11322 709
1731319383038 -0.394035 710
1731319383279 -0.451353 711
1731319383478 -0.26687 712
1731319383720 -0.08419 713
1731319383906 0.00452 714
1731319384150 -0.341073 715
1731319384383 -0.234661 716
1731319384598 -0.215555 717
1731319384837 -0.223286 718
1731319385068 -0.112239 719
1731319385292 -0.046571 720
1731319385565 -0.221609 721
1731319385788 -0.680367 722
1731319386005 0.151682 723
1731319386243 -0.041017 724
1731319386550 0.007518 725
1731319386785 -0.860186 726
1731319387012 -0.038046 727
1731319387287 -0.023052 728
1731319387499 -0.031761 729
1731319387750 -0.089874 730
1731319387984 -0.106175 731
1731319388233 0.191904 732
1731319388486 -0.834799 733
1731319388717 -0.360255 734
1731319388992 -0.043113 735
1731319389258 -0.21724 736
1731319389549 -0.174833 737
1731319389797 -0.138224 738
1731319390011 -0.826579 739
1731319390257 -0.67444 740
1731319390491 -0.007782 741
1731319390722 0.15076 742
1731319390962 -0.980768 743
1731319391179 -0.158807 744
1731319391409 -0.688968 745
1731319391622 -0.286482 746
1731319391824 -0.39366 747
1731319392036 -0.322164 748
1731319392249 0.024452 749
1731319392443 -1.05864 750
1731319392697 -0.107186 751
1731319392914 -0.144999 752
1731319393162 0.02306 753
1731319393375 -0.284629 754
1731319393586 -0.089832 755
1731319393803 -0.654128 756
1731319394035 0.084701 757
1731319394239 -0.092298 758
1731319394445 0.064333 759
1731319394630 -0.69116 760
1731319394880 0.286064 761
1731319395117 -0.299667 762
1731319395331 -1.083272 763
1731319395553 -0.849575 764
1731319395774 -0.151837 765
1731319395999 -0.005625 766
1731319396262 -0.003614 767
1731319396485 -0.667575 768
1731319396744 -0.43229 769
1731319396975 -0.149163 770
1731319397191 0.063308 771
1731319397439 -0.724372 772
1731319397650 -0.554041 773
1731319397881 -0.217862 774
1731319398082 -0.437548 775
1731319398312 -0.259723 776
1731319398527 -0.357273 777
1731319398752 -0.07368 778
1731319398985 -0.138039 779
1731319399217 -0.369054 780
1731319399458 -0.205834 781
1731319399659 0.103248 782
1731319399854 -0.090105 783
1731319400130 -0.447969 784
1731319400355 -0.56892 785
1731319400598 -0.09541 786
1731319400808 -0.240485 787
1731319401046 -0.162984 788
1731319401249 0.320319 789
1731319401476 -0.13558 790
1731319401674 -0.217069 791
1731319401886 -0.142136 792
1731319402130 -0.284006 793
1731319402326 0.110735 794
1731319402560 0.040265 795
1731319402797 -0.397379 796
1731319403015 -0.670761 797
1731319403232 -0.14215 798
1731319403437 -0.762543 799
1731319403668 -0.015005 800
1731319403866 -0.028956 801
1731319404074 -0.640709 802
1731319404293 0.105319 803
1731319404487 -0.049216 804
1731319404687 0.107192 805
1731319404923 -0.227462 806
1731319405197 0.032932 807
1731319405397 -0.007843 808
1731319405651 -0.201876 809
1731319405874 -0.821263 810
1731319406117 -0.598257 811
1731319406350 -0.28029 812
1731319406566 -0.577407 813
1731319406779 -0.050928 814
1731319406996 -0.714405 815
1731319407230 -0.019598 816
1731319407435 -0.161202 817
1731319407657 -0.1748 818
1731319407905 -0.429381 819
1731319408128 0.218913 820
1731319408366 -0.472301 821
1731319408582 -0.015189 822
1731319408798 -0.129978 823
1731319408996 -0.426127 824
1731319409209 -0.17008 825
1731319409424 0.057557 826
1731319409625 -0.173225 827
1731319409826 -0.074301 828
1731319410025 -0.114495 829
1731319410252 0.116833 830
1731319410457 -0.051135 831
1731319410701 -0.53851 832
1731319410883 0.244269 833
1731319411108 -0.464759 834
1731319411329 -0.123606 835
1731319411520 0.044012 836
1731319411723 0.327469 837
1731319411926 0.045177 838
1731319412120 -0.195904 839
1731319412316 -0.554365 840
1731319412513 -0.217785 841
1731319412764 -0.359915 842
1731319412971 -0.182576 843
1731319413184 -0.701263 844
1731319413380 -1.05391 845
1731319413587 -0.709225 846
1731319413797 -0.184844 847
1731319414007 -0.709483 848
1731319414249 0.172519 849
1731319414456 -0.121097 850
1731319414665 -0.043093 851
1731319414900 -0.341914 852
1731319415112 -0.009744 853
1731319415321 -0.469749 854
1731319415533 -0.080804 855
1731319415759 -0.627584 856
1731319415978 -0.080721 857
1731319416197 -0.241644 858
1731319416410 -0.305939 859
1731319416645 -0.145071 860
1731319416849 -0.41917 861
1731319417103 -0.179252 862
1731319417329 -0.552623 863
1731319417550 -0.842393 864
1731319417776 0.002297 865
1731319418035 0.26516 866
1731319418257 -0.738865 867
1731319418480 -0.421669 868
1731319418671 -0.208098 869
1731319418920 -0.104439 870
1731319419160 -0.637175 871
1731319419365 -0.349368 872
1731319419642 0.241839 873
1731319419856 0.231497 874
1731319420089 -0.271088 875
1731319420315 0.105812 876
1731319420532 -0.51874 877
1731319420759 -0.134846 878
1731319420971 -0.235078 879
1731319421196 -0.469511 880
1731319421431 -0.157105 881
1731319421711 0.099897 882
1731319421926 0.096039 883
1731319422141 -0.531774 884
1731319422442 -0.203306 885
1731319422729 -0.781704 886
1731319422956 -0.077209 887
1731319423215 -0.454693 888
1731319423433 -0.526895 889
1731319423650 -0.71206 890
1731319423851 -0.756215 891
1731319424051 0.025438 892
1731319424258 -0.286245 893
1731319424506 -0.379565 894
1731319424692 -0.301824 895
1731319424897 -0.603245 896
1731319425095 -0.372534 897
1731319425344 -0.042177 898
1731319425558 -0.458099 899
1731319425754 -0.441451 900
1731319425973 -0.051563 901
1731319426172 -0.68994 902
1731319426381 0.032099 903
1731319426589 -0.441993 904
1731319426791 -0.13556 905
1731319426992 -0.211729 906
1731319427190 -0.568685 907
1731319427384 -0.239785 908
1731319427595 -0.269986 909
1731319427818 -0.398196 910
1731319428023 -0.024622 911
1731319428283 -0.352322 912
1731319428486 -0.357671 913
1731319428718 0.069767 914
1731319428920 -0.167118 915
1731319429148 -0.474265 916
1731319429351 -0.346097 917
1731319429566 -0.561041 918
1731319429776 -0.141827 919
1731319429995 -0.302311 920
1731319430193 -0.106233 921
1731319430389 -1.364577 922
1731319430604 -0.161379 923
1731319430810 -0.157933 924
1731319431046 -0.251368 925
1731319431284 -0.7527 926
1731319431506 -0.78722 927
1731319431719 -0.236691 928
1731319431929 -0.759344 929
1731319432163 -0.113627 930
1731319432375 -0.055542 931
1731319432583 0.013926 932
1731319432782 -0.690553 933
1731319432999 0.117445 934
1731319433196 -0.228862 935
1731319433434 -0.590338 936
1731319433654 -0.08554 937
1731319433857 -0.540792 938
1731319434092 -0.769725 939
1731319434308 -0.007098 940
1731319434576 -0.498732 941
1731319434768 -0.021876 942
1731319434992 -0.091225 943
1731319435194 0.173131 944
1731319435381 -0.380009 945
1731319435579 0.031236 946
1731319435828 -0.090416 947
1731319436037 -0.295032 948
1731319436265 -0.125616 949
1731319436461 -0.272046 950
1731319436692 -0.169496 951
1731319436918 -0.752685 952
1731319437152 0.043585 953
1731319437360 -0.081295 954
1731319437592 -1.008869 955
1731319437814 -0.353289 956
1731319438029 0.297159 957
1731319438284 -0.579557 958
1731319438508 0.113957 959
1731319438730 -0.542105 960
1731319438953 -0.203792 961
1731319439187 -0.183568 962
1731319439378 0.014711 963
1731319439564 -0.19299 964
1731319439752 -0.540987 965
1731319439951 -0.458767 966
1731319440190 -0.257724 967
1731319440423 -0.26754 968
1731319440648 0.078171 969
1731319440846 -0.51233 970
1731319441095 0.182771 971
1731319441315 -0.114269 972
1731319441546 0.128742 973
1731319441748 -0.042707 974
1731319441965 -0.403291 975
1731319442175 -0.195102 976
1731319442387 -0.11896 977
1731319442598 -0.056408 978
1731319442806 -0.604412 979
1731319443022 -0.032789 980
1731319443254 -0.123675 981
1731319443448 -0.017988 982
1731319443674 0.037017 983
1731319443865 -0.926208 984
1731319444068 -0.017547 985
1731319444307 -0.60504 986
1731319444572 -0.351414 987
1731319444767 -0.636356 988
1731319444985 -0.26264 989
1731319445251 -0.011819 990
1731319445450 -0.076273 991
1731319445667 -0.63843 992
1731319445872 -0.642123 993
1731319446096 -0.241422 994
1731319446300 0.636099 995
1731319446517 -0.263412 996
1731319446727 -0.56886 997
1731319446934 -0.881709 998
1731319447159 -0.286706 999
