1732266871505 -0.03087 0
1732266872039 -0.199989 1
1732266872414 0.262512 2
1732266872806 -0.07494 3
1732266873179 0.023817 4
1732266873554 0.067816 5
1732266873925 0.122316 6
1732266874304 0.001691 7
1732266874683 -0.219152 8
1732266875064 0.042877 9
1732266875446 0.020616 10
1732266875833 0.05405 11
1732266876229 0.029225 12
1732266876629 0.035017 13
1732266877031 0.059842 14
1732266877406 -0.04308 15
1732266877764 0.066604 16
1732266878144 0.105083 17
1732266878523 -0.299869 18
1732266878906 -0.120714 19
1732266879267 0.120652 20
1732266879634 0.009392 21
1732266880004 -0.031189 22
1732266880362 -0.00371 23
1732266880730 -0.274501 24
1732266881095 0.075254 25
1732266881458 0.030495 26
1732266881820 -0.08826 27
1732266882182 0.084606 28
1732266882544 -0.013535 29
1732266882910 -0.021434 30
1732266883267 -0.162261 31
1732266883631 0.199754 32
1732266884001 -0.070712 33
1732266884368 -0.044604 34
1732266884741 -0.137252 35
1732266885109 -0.041614 36
1732266885487 0.122604 37
1732266885862 -0.078903 38
1732266886234 -0.016966 39
1732266886599 0.304626 40
1732266886973 -0.165961 41
1732266887331 -0.080921 42
1732266887724 -0.027569 43
1732266888102 0.165647 44
1732266888459 -0.05159 45
1732266888839 0.14631 46
1732266889203 -0.109225 47
1732266889576 -0.044392 48
1732266889954 0.006403 49
1732266890318 0.379808 50
1732266890694 0.356844 51
1732266891075 0.176242 52
1732266891439 0.045624 53
1732266891810 0.18155 54
1732266892175 -0.327009 55
1732266892550 -0.324312 56
1732266892938 0.081793 57
1732266893309 -0.111285 58
1732266893667 -0.081213 59
1732266894046 0.140384 60
1732266894418 -0.133347 61
1732266894800 -0.139249 62
1732266895191 0.011766 63
1732266895561 -0.111985 64
1732266895930 -0.321973 65
1732266896290 -0.261259 66
1732266896654 -0.306932 67
1732266897015 0.018304 68
1732266897392 0.087082 69
1732266897751 -0.064427 70
1732266898113 -0.189566 71
1732266898472 -0.007765 72
1732266898847 -0.15156 73
1732266899219 -0.275663 74
1732266899594 -0.124314 75
1732266899973 -0.049096 76
1732266900346 -0.073456 77
1732266900714 0.097142 78
1732266901074 -0.024383 79
1732266901460 -0.268522 80
1732266901828 0.120452 81
1732266902190 0.103138 82
1732266902559 -0.092686 83
1732266902918 -0.038269 84
1732266903280 -0.239448 85
1732266903646 -0.114307 86
1732266904005 0.06178 87
1732266904390 0.041358 88
1732266904762 -0.028709 89
1732266905126 0.160935 90
1732266905514 -0.115396 91
1732266905899 0.332997 92
1732266906263 -0.124011 93
1732266906647 0.024999 94
1732266907021 0.05276 95
1732266907391 -0.107036 96
1732266907769 0.043796 97
1732266908127 0.133601 98
1732266908498 -0.13776 99
1732266908860 0.064064 100
1732266909234 -0.039584 101
1732266909611 -0.164062 102
1732266909981 0.082068 103
1732266910339 -0.256679 104
1732266910700 0.070855 105
1732266911058 0.212284 106
1732266911423 0.250969 107
1732266911782 -0.105746 108
1732266912150 -0.375972 109
1732266912509 -0.047013 110
1732266912868 -0.082934 111
1732266913238 -0.11322 112
1732266913607 0.22945 113
1732266913974 -0.258249 114
1732266914347 -0.020387 115
1732266914711 -0.301031 116
1732266915097 -0.067593 117
1732266915474 0.204104 118
1732266915842 0.028206 119
1732266916207 -0.235771 120
1732266916583 0.067228 121
1732266916951 0.039647 122
1732266917321 -0.145002 123
1732266917706 0.004239 124
1732266918179 0.079861 125
1732266918637 -0.216274 126
1732266919076 0.026048 127
1732266919515 0.005224 128
1732266919924 -0.206923 129
1732266920328 -0.079849 130
1732266920802 -0.234633 131
1732266921254 -0.018844 132
1732266921687 0.000516 133
1732266922082 -0.235609 134
1732266922523 -0.083852 135
1732266923000 0.079661 136
1732266923471 -0.005575 137
1732266923929 0.214513 138
1732266924398 -0.289311 139
1732266924861 0.139754 140
1732266925314 -0.116068 141
1732266925735 0.134909 142
1732266926209 -0.124689 143
1732266926670 0.089309 144
1732266927134 -0.194938 145
1732266927589 0.073856 146
1732266928014 0.139795 147
1732266928454 0.00242 148
1732266928910 -0.020165 149
1732266929398 -0.028137 150
1732266929857 -0.559408 151
1732266930378 0.052335 152
1732266930840 -0.440609 153
1732266931344 -0.110589 154
1732266931814 0.074343 155
1732266932264 0.07989 156
1732266932678 0.043869 157
1732266933130 -0.519079 158
1732266933597 -0.008 159
1732266934022 0.066694 160
1732266934454 -0.272686 161
1732266934889 -0.046419 162
1732266935310 -0.314036 163
1732266935733 -0.075888 164
1732266936190 -0.094704 165
1732266936639 -0.037552 166
1732266937063 -0.003475 167
1732266937501 -0.138198 168
1732266937948 -0.391591 169
1732266938393 -0.355234 170
1732266938804 0.037206 171
1732266939312 -0.086392 172
1732266939727 -0.023908 173
1732266940145 0.083665 174
1732266940561 -0.335993 175
1732266940967 0.10866 176
1732266941349 -0.028516 177
1732266941757 -0.306563 178
1732266942178 -0.050473 179
1732266942578 -0.219595 180
1732266943005 -0.063124 181
1732266943408 0.077393 182
1732266943816 0.01145 183
1732266944223 -0.379082 184
1732266944642 -0.028847 185
1732266945039 0.015516 186
1732266945436 0.060218 187
1732266945840 -0.06197 188
1732266946241 -0.282608 189
1732266946652 0.096252 190
1732266947051 0.158305 191
1732266947443 -0.154635 192
1732266947841 0.097329 193
1732266948225 -0.252263 194
1732266948636 0.033294 195
1732266949079 -0.196574 196
1732266949524 -0.188889 197
1732266949942 0.060937 198
1732266950352 -0.141582 199
1732266950798 0.25288 200
1732266951248 -0.199583 201
1732266951702 -0.09128 202
1732266952136 0.077689 203
1732266952546 0.236476 204
1732266952991 0.274264 205
1732266953413 0.457431 206
1732266953836 -0.049408 207
1732266954249 -0.201139 208
1732266954698 0.051915 209
1732266955102 0.158883 210
1732266955528 -0.118348 211
1732266955966 0.135511 212
1732266956407 -0.057932 213
1732266956841 -0.092469 214
1732266957264 0.00755 215
1732266957652 -0.115851 216
1732266958050 -0.160035 217
1732266958445 -0.16278 218
1732266958887 -0.044607 219
1732266959273 -0.038683 220
1732266959650 0.391517 221
1732266960055 0.049676 222
1732266960470 -0.139144 223
1732266960896 0.04274 224
1732266961296 0.054675 225
1732266961704 -0.488386 226
1732266962109 -0.178386 227
1732266962501 -0.020359 228
1732266962892 0.042447 229
1732266963307 0.089718 230
1732266963702 0.054877 231
1732266964118 -0.01789 232
1732266964501 0.026483 233
1732266964882 0.049529 234
1732266965288 0.022951 235
1732266965698 -0.059598 236
1732266966136 -0.091535 237
1732266966612 0.053257 238
1732266967054 -0.115181 239
1732266967482 -0.043146 240
1732266967928 -0.063083 241
1732266968404 0.042403 242
1732266968834 0.015668 243
1732266969264 0.058109 244
1732266969717 -0.168223 245
1732266970166 -0.018387 246
1732266970529 -0.031183 247
1732266970903 0.007095 248
1732266971273 -0.194551 249
1732266971633 -0.07197 250
1732266971991 -0.020236 251
1732266972353 -0.015544 252
1732266972708 -0.133854 253
1732266973079 0.141722 254
1732266973453 0.134756 255
1732266973809 -0.311827 256
1732266974171 -0.062857 257
1732266974535 0.040172 258
1732266974905 -0.113512 259
1732266975300 -0.02995 260
1732266975688 0.071058 261
1732266976049 0.021028 262
1732266976407 0.111386 263
1732266976764 0.047405 264
1732266977129 0.007951 265
1732266977520 -0.006362 266
1732266977956 -0.075672 267
1732266978425 0.060519 268
1732266978808 0.415271 269
1732266979171 -0.027174 270
1732266979541 0.004218 271
1732266979971 -0.055486 272
1732266980421 -0.057121 273
1732266980869 0.032474 274
1732266981302 0.009522 275
1732266981803 0.079454 276
1732266982218 -0.070365 277
1732266982669 0.112503 278
1732266983034 -0.042281 279
1732266983393 -0.113555 280
1732266983765 0.134593 281
1732266984228 -0.161287 282
1732266984654 -0.162104 283
1732266985055 -0.258792 284
1732266985468 0.09408 285
1732266985900 0.005319 286
1732266986350 0.140193 287
1732266986784 0.119736 288
1732266987175 -0.116353 289
1732266987595 -0.028802 290
1732266988035 -0.048083 291
1732266988486 -0.239504 292
1732266988899 0.037003 293
1732266989261 0.103366 294
1732266989624 0.014485 295
1732266989997 -0.026066 296
1732266990364 -0.071999 297
1732266990742 -0.183761 298
1732266991097 0.022634 299
1732266991482 -0.117522 300
1732266991907 0.419706 301
1732266992321 0.161504 302
1732266992747 -0.185858 303
1732266993204 -0.221044 304
1732266993657 0.010673 305
1732266994142 0.067816 306
1732266994559 -0.068824 307
1732266994915 0.053267 308
1732266995277 -0.086617 309
1732266995635 -0.012571 310
1732266996000 0.240466 311
1732266996367 0.032571 312
1732266996729 -0.272267 313
1732266997090 -0.071441 314
1732266997465 0.207555 315
1732266997826 0.20106 316
1732266998204 0.090903 317
1732266998571 0.172628 318
1732266998942 -0.02544 319
1732266999322 -0.144985 320
1732266999708 0.137233 321
1732267000083 -0.005257 322
1732267000463 -0.294554 323
1732267000836 -0.11329 324
1732267001214 0.161742 325
1732267001593 0.102961 326
1732267001981 -0.057359 327
1732267002344 0.078324 328
1732267002718 -0.037208 329
1732267003086 -0.069343 330
1732267003476 0.075472 331
1732267003855 -0.117552 332
1732267004224 0.109008 333
1732267004583 -0.190896 334
1732267004947 -0.148653 335
1732267005319 -0.140102 336
1732267005704 -0.060384 337
1732267006098 0.139436 338
1732267006472 -0.245011 339
1732267006836 0.007342 340
1732267007204 -0.101681 341
1732267007579 -0.384927 342
1732267007961 -0.177502 343
1732267008342 0.058864 344
1732267008723 -0.137869 345
1732267009100 -0.458357 346
1732267009478 -0.138891 347
1732267009848 0.283014 348
1732267010228 0.027839 349
1732267010603 0.051803 350
1732267010989 0.036324 351
1732267011365 -0.242173 352
1732267011750 0.077123 353
1732267012124 -0.066033 354
1732267012505 -0.211592 355
1732267012884 -0.070286 356
1732267013265 -0.116526 357
1732267013653 0.152335 358
1732267014025 -0.177831 359
1732267014393 0.078272 360
1732267014798 0.19436 361
1732267015186 -0.183644 362
1732267015595 -0.060178 363
1732267015973 -0.110928 364
1732267016370 0.128639 365
1732267016767 -0.116696 366
1732267017144 -0.052328 367
1732267017538 0.277851 368
1732267017916 -0.080029 369
1732267018303 -0.112995 370
1732267018689 0.204279 371
1732267019061 -0.061105 372
1732267019445 0.037851 373
1732267019822 -0.219924 374
1732267020205 -0.177813 375
1732267020590 0.002766 376
1732267020969 0.263396 377
1732267021349 -0.043303 378
1732267021738 -0.339715 379
1732267022104 -0.137069 380
1732267022481 0.10053 381
1732267022857 -0.079785 382
1732267023248 -0.076715 383
1732267023639 -0.157431 384
1732267024040 -0.132491 385
1732267024419 -0.073188 386
1732267024800 -0.088288 387
1732267025182 -0.11976 388
1732267025559 0.091307 389
1732267025946 -0.101243 390
1732267026327 -0.034136 391
1732267026706 0.176969 392
1732267027082 0.196485 393
1732267027455 0.141199 394
1732267027817 0.187806 395
1732267028183 0.426486 396
1732267028546 -0.096261 397
1732267028910 -0.380976 398
1732267029273 -0.007937 399
1732267029641 0.017904 400
1732267030018 -0.004939 401
1732267030372 -0.153238 402
1732267030739 -0.009317 403
1732267031102 -0.26701 404
1732267031471 -0.065906 405
1732267031837 -0.005565 406
1732267032208 0.2454 407
1732267032574 0.078776 408
1732267032940 -0.021863 409
1732267033312 0.07772 410
1732267033674 -0.032987 411
1732267034045 0.060331 412
1732267034423 -0.069552 413
1732267034796 0.014049 414
1732267035162 -0.186841 415
1732267035536 0.094098 416
1732267035903 -0.216271 417
1732267036270 -0.091496 418
1732267036642 0.150756 419
1732267037014 -0.065842 420
1732267037391 -0.032718 421
1732267037756 0.005318 422
1732267038115 -0.165583 423
1732267038491 -0.174835 424
1732267038861 -0.091266 425
1732267039228 0.024933 426
1732267039599 0.249412 427
1732267039963 -0.128712 428
1732267040333 -0.212497 429
1732267040698 -0.093292 430
1732267041055 0.09323 431
1732267041420 -0.096919 432
1732267041776 0.263425 433
1732267042130 0.019444 434
1732267042502 -0.294909 435
1732267042860 0.046497 436
1732267043215 -0.197502 437
1732267043587 -0.12876 438
1732267043950 0.098184 439
1732267044329 -0.097903 440
1732267044683 -0.053892 441
1732267045051 -0.01548 442
1732267045413 0.128924 443
1732267045778 -0.101668 444
1732267046146 -0.092893 445
1732267046529 0.047058 446
1732267046899 0.013508 447
1732267047260 -0.411258 448
1732267047615 -0.185479 449
1732267047974 0.041253 450
1732267048331 0.072756 451
1732267048693 0.21633 452
1732267049057 -0.115181 453
1732267049426 0.052774 454
1732267049797 -0.016517 455
1732267050180 0.103226 456
1732267050557 0.031689 457
1732267050923 0.157232 458
1732267051288 -0.141287 459
1732267051651 0.197294 460
1732267052021 0.088265 461
1732267052381 0.091993 462
1732267052750 0.12937 463
1732267053119 -0.398853 464
1732267053486 0.12176 465
1732267053848 -0.096039 466
1732267054207 0.189545 467
1732267054576 0.125185 468
1732267054939 -0.118854 469
1732267055306 -0.146577 470
1732267055667 -0.222726 471
1732267056038 0.459315 472
1732267056396 -0.261886 473
1732267056769 0.052179 474
1732267057139 0.197144 475
1732267057502 0.01555 476
1732267057863 -0.373182 477
1732267058220 -0.15412 478
1732267058596 0.015467 479
1732267058959 -0.350671 480
1732267059320 0.069277 481
1732267059683 0.094098 482
1732267060051 0.19303 483
1732267060415 0.310015 484
1732267060793 0.269521 485
1732267061153 0.062353 486
1732267061515 -0.023477 487
1732267061877 0.053284 488
1732267062246 0.130774 489
1732267062610 0.247082 490
1732267063065 -0.059724 491
1732267063436 0.239709 492
1732267063789 -0.164616 493
1732267064147 -0.045747 494
1732267064512 -0.041004 495
1732267064893 0.032075 496
1732267065252 0.331562 497
1732267065610 -0.13266 498
1732267065973 -0.008406 499
1732267066346 0.097885 500
1732267066707 -0.177177 501
1732267067069 0.17174 502
1732267067439 0.046767 503
1732267067803 0.140583 504
1732267068164 0.005724 505
1732267068527 -0.092684 506
1732267068915 0.045 507
1732267069276 -0.239645 508
1732267069636 0.004553 509
1732267070004 0.105379 510
1732267070372 -0.20837 511
1732267070726 -0.262578 512
1732267071098 0.015248 513
1732267071459 0.125633 514
1732267071819 -0.250856 515
1732267072181 0.156576 516
1732267072547 0.009427 517
1732267072926 -0.172202 518
1732267073296 0.002785 519
1732267073673 -0.111797 520
1732267074038 -0.321194 521
1732267074401 0.077051 522
1732267074765 -0.067881 523
1732267075136 -0.121433 524
1732267075506 0.16028 525
1732267075872 -0.19092 526
1732267076238 0.03738 527
1732267076609 -0.184202 528
1732267076970 0.101378 529
1732267077327 0.04785 530
1732267077690 -0.018595 531
1732267078067 -0.186184 532
1732267078434 -0.066298 533
1732267078802 0.085228 534
1732267079170 0.262685 535
1732267079540 0.013092 536
1732267079934 -0.046729 537
1732267080339 0.009017 538
1732267080707 0.077167 539
1732267081071 0.091885 540
1732267081449 -0.404313 541
1732267081816 0.074526 542
1732267082186 -0.188163 543
1732267082557 0.124511 544
1732267082918 0.069145 545
1732267083285 -0.077389 546
1732267083654 0.303014 547
1732267084012 -0.050861 548
1732267084377 -0.038528 549
1732267084746 -0.104449 550
1732267085107 -0.000811 551
1732267085473 0.066922 552
1732267085839 0.027647 553
1732267086213 -0.283968 554
1732267086577 -0.098603 555
1732267086934 0.150195 556
1732267087323 0.028324 557
1732267087688 -0.002778 558
1732267088049 -0.33805 559
1732267088434 -0.12304 560
1732267088808 0.073037 561
1732267089199 0.371788 562
1732267089591 0.034218 563
1732267089957 -0.057442 564
1732267090328 0.046126 565
1732267090694 -0.515499 566
1732267091063 -0.128525 567
1732267091429 -0.345375 568
1732267091786 -0.025756 569
1732267092147 0.233929 570
1732267092508 -0.011692 571
1732267092870 -0.032422 572
1732267093241 -0.056814 573
1732267093624 -0.199804 574
1732267093991 -0.04347 575
1732267094351 -0.007923 576
1732267094714 0.156252 577
1732267095086 -0.183752 578
1732267095455 0.153165 579
1732267095818 0.046011 580
1732267096180 -0.069916 581
1732267096550 0.011284 582
1732267096931 -0.074507 583
1732267097351 0.271761 584
1732267097722 0.01647 585
1732267098082 -0.046477 586
1732267098446 -0.063328 587
1732267098808 -0.100782 588
1732267099176 0.10598 589
1732267099550 0.069827 590
1732267099923 0.021225 591
1732267100305 0.00204 592
1732267100667 0.1386 593
1732267101030 0.233381 594
1732267101394 -0.227615 595
1732267101761 0.158802 596
1732267102132 -0.009355 597
1732267102496 -0.118117 598
1732267102856 -0.050757 599
1732267103228 0.236673 600
1732267103602 -0.29256 601
1732267103976 -0.021977 602
1732267104341 0.180572 603
1732267104703 -0.220736 604
1732267105061 -0.022198 605
1732267105435 -0.127518 606
1732267105800 -0.189231 607
1732267106167 0.220679 608
1732267106537 -0.373312 609
1732267106904 -0.134031 610
1732267107267 0.09483 611
1732267107635 -0.10158 612
1732267108008 -0.21137 613
1732267108372 0.026662 614
1732267108730 -0.139379 615
1732267109095 -0.169087 616
1732267109468 -0.169636 617
1732267109833 -0.523087 618
1732267110197 -0.166591 619
1732267110556 0.080031 620
1732267110919 0.129691 621
1732267111284 -0.061344 622
1732267111649 -0.276603 623
1732267112014 0.095929 624
1732267112371 -0.085011 625
1732267112734 -0.149295 626
1732267113093 -0.110202 627
1732267113447 -0.127272 628
1732267113811 0.14129 629
1732267114172 0.065851 630
1732267114533 -0.070096 631
1732267114898 -0.029534 632
1732267115256 0.172244 633
1732267115616 -0.179145 634
1732267115981 -0.167692 635
1732267116340 -0.100069 636
1732267116710 -0.31835 637
1732267117070 -0.191018 638
1732267117438 -0.067562 639
1732267117807 0.249082 640
1732267118184 -0.103295 641
1732267118561 -0.143366 642
1732267118920 0.063476 643
1732267119289 -0.297718 644
1732267119656 -0.022781 645
1732267120032 -0.070507 646
1732267120392 0.288093 647
1732267120763 -0.31964 648
1732267121131 -0.042323 649
1732267121496 -0.343128 650
1732267121858 0.065923 651
1732267122233 0.188159 652
1732267122598 -0.042987 653
1732267122966 0.459517 654
1732267123332 0.268676 655
1732267123698 0.027276 656
1732267124071 -0.134953 657
1732267124432 -0.238504 658
1732267124809 -0.158447 659
1732267125185 -0.001278 660
1732267125562 0.057168 661
1732267125932 0.017556 662
1732267126314 0.024194 663
1732267126700 -0.092995 664
1732267127076 0.185433 665
1732267127449 -0.134411 666
1732267127828 -0.052248 667
1732267128220 0.192453 668
1732267128586 -0.156949 669
1732267128972 -0.131714 670
1732267129346 -0.003069 671
1732267129725 -0.20991 672
1732267130108 0.279687 673
1732267130484 -0.015092 674
1732267130860 -0.029167 675
1732267131234 -0.065899 676
1732267131611 0.293683 677
1732267131990 -0.097431 678
1732267132369 -0.015121 679
1732267132755 -0.202697 680
1732267133123 0.031732 681
1732267133496 -0.059802 682
1732267133869 0.056057 683
1732267134257 0.130513 684
1732267134639 -0.019889 685
1732267135016 -0.123179 686
1732267135385 -0.076038 687
1732267135769 0.275933 688
1732267136134 -0.151002 689
1732267136505 0.183939 690
1732267136893 0.15062 691
1732267137266 -0.116346 692
1732267137639 0.056143 693
1732267138006 -0.027581 694
1732267138370 -0.306724 695
1732267138741 0.049404 696
1732267139120 -0.055737 697
1732267139500 -0.007332 698
1732267139877 -0.126112 699
1732267140252 0.188717 700
1732267140638 0.172649 701
1732267141011 -0.029844 702
1732267141382 -0.002491 703
1732267141770 -0.047338 704
1732267142146 0.014549 705
1732267142533 -0.036006 706
1732267142904 -0.402824 707
1732267143268 -0.047396 708
1732267143652 -0.65233 709
1732267144020 0.128765 710
1732267144381 -0.121807 711
1732267144774 0.065641 712
1732267145150 -0.103466 713
1732267145522 -0.13868 714
1732267145891 0.003118 715
1732267146265 0.06934 716
1732267146648 -0.467139 717
1732267147016 0.116226 718
1732267147384 0.052687 719
1732267147757 0.097854 720
1732267148136 -0.164963 721
1732267148514 -0.264735 722
1732267148880 0.069822 723
1732267149248 0.042201 724
1732267149631 0.152525 725
1732267150015 -0.253279 726
1732267150383 -0.073687 727
1732267150756 0.122284 728
1732267151140 0.005676 729
1732267151514 0.116031 730
1732267151877 0.254927 731
1732267152256 -0.100021 732
1732267152620 -0.155579 733
1732267152993 -0.363535 734
1732267153355 0.016916 735
1732267153735 -0.141018 736
1732267154162 -0.244598 737
1732267154606 -0.323874 738
1732267155060 0.012986 739
1732267155508 0.273468 740
1732267155973 -0.156619 741
1732267156494 0.017544 742
1732267156960 -0.035863 743
1732267157429 -0.265461 744
1732267157865 -0.054396 745
1732267158261 -0.205119 746
1732267158714 0.021056 747
1732267159142 -0.257761 748
1732267159610 0.127449 749
1732267160040 -0.046264 750
1732267160487 -0.040768 751
1732267160946 -0.078026 752
1732267161314 -0.118355 753
1732267161673 0.17213 754
1732267162032 -0.156828 755
1732267162499 -0.274863 756
1732267162971 -0.002878 757
1732267163331 0.029924 758
1732267163690 0.301507 759
1732267164049 -0.101275 760
1732267164411 0.015042 761
1732267164776 0.146346 762
1732267165145 -0.13821 763
1732267165506 -0.173569 764
1732267165867 0.058545 765
1732267166227 -0.09707 766
1732267166593 -0.075196 767
1732267166956 -0.08182 768
1732267167429 0.266591 769
1732267167958 0.001668 770
1732267168494 -0.171125 771
1732267168934 0.320676 772
1732267169371 -0.08967 773
1732267169833 0.020912 774
1732267170270 0.229876 775
1732267170721 -0.044253 776
1732267171164 0.27209 777
1732267171617 0.017981 778
1732267171988 0.18605 779
1732267172355 0.015344 780
1732267172719 0.197002 781
1732267173082 -0.078639 782
1732267173450 -0.069902 783
1732267173818 -0.43666 784
1732267174175 -0.106712 785
1732267174542 -0.015402 786
1732267174916 -0.293796 787
1732267175283 -0.127007 788
1732267175656 -0.083274 789
1732267176019 0.561203 790
1732267176396 -0.122541 791
1732267176753 0.134996 792
1732267177109 -0.153656 793
1732267177497 0.236571 794
1732267177852 -0.224866 795
1732267178212 -0.216701 796
1732267178571 0.011997 797
1732267178935 -0.026296 798
1732267179299 -0.068193 799
1732267179658 0.011263 800
1732267180017 0.028516 801
1732267180392 -0.028307 802
1732267180759 -0.078888 803
1732267181114 0.116577 804
1732267181484 0.493377 805
1732267181903 -0.037092 806
1732267182284 -0.259792 807
1732267182682 -0.179432 808
1732267183101 0.22122 809
1732267183529 -0.096324 810
1732267183953 0.294707 811
1732267184366 -0.448725 812
1732267184851 -0.167443 813
1732267185270 0.118048 814
1732267185653 0.092405 815
1732267186071 -0.056432 816
1732267186526 -0.069589 817
1732267186971 -0.066312 818
1732267187331 0.236268 819
1732267187698 0.038248 820
1732267188060 -0.097412 821
1732267188424 -0.054155 822
1732267188782 -0.041235 823
1732267189146 -0.114658 824
1732267189513 0.124439 825
1732267189896 0.093388 826
1732267190278 0.023254 827
1732267190679 -0.187585 828
1732267191072 0.083934 829
1732267191447 0.032566 830
1732267191841 -0.025118 831
1732267192264 -0.115927 832
1732267192659 -0.082386 833
1732267193060 0.093442 834
1732267193473 -0.01177 835
1732267193912 0.254735 836
1732267194296 -0.057962 837
1732267194697 -0.181254 838
1732267195088 -0.279714 839
1732267195482 -0.189888 840
1732267195881 -0.183785 841
1732267196277 -0.097591 842
1732267196671 0.018277 843
1732267197073 -0.200259 844
1732267197463 0.091527 845
1732267197864 0.04074 846
1732267198252 -0.033697 847
1732267198658 0.023959 848
1732267199053 -0.202325 849
1732267199448 0.04498 850
1732267199854 -0.082707 851
1732267200276 -0.044824 852
1732267200669 -0.442286 853
1732267201065 -0.118122 854
1732267201453 0.078331 855
1732267201854 -0.036527 856
1732267202249 -0.204077 857
1732267202645 -0.093166 858
1732267203059 0.118184 859
1732267203485 -0.077603 860
1732267203892 0.201852 861
1732267204304 -0.136737 862
1732267204701 0.146553 863
1732267205106 0.02484 864
1732267205494 0.087612 865
1732267205900 0.151822 866
1732267206287 -0.209262 867
1732267206679 0.197154 868
1732267207071 0.198724 869
1732267207462 0.00301 870
1732267207863 -0.049238 871
1732267208270 0.112043 872
1732267208674 0.078176 873
1732267209085 -0.089136 874
1732267209480 -0.426245 875
1732267209880 0.231721 876
1732267210267 0.241495 877
1732267210661 -0.286203 878
1732267211062 -0.030298 879
1732267211462 0.028379 880
1732267211854 -0.310243 881
1732267212249 -0.218553 882
1732267212644 0.004116 883
1732267213041 -0.080417 884
1732267213428 -0.007691 885
1732267213822 -0.160486 886
1732267214220 0.159962 887
1732267214610 0.036486 888
1732267215004 0.318986 889
1732267215404 0.013667 890
1732267215801 0.426679 891
1732267216200 -0.003893 892
1732267216590 -0.339196 893
1732267216967 0.054518 894
1732267217351 0.170559 895
1732267217739 -0.114485 896
1732267218125 -0.023135 897
1732267218511 0.040011 898
1732267218908 0.017515 899
1732267219302 0.334454 900
1732267219688 -0.067636 901
1732267220071 -0.292143 902
1732267220463 -0.023518 903
1732267220861 -0.094417 904
1732267221244 -0.042958 905
1732267221631 -0.129679 906
1732267222024 -0.068058 907
1732267222413 0.041375 908
1732267222800 -0.099348 909
1732267223181 -0.203117 910
1732267223564 0.103852 911
1732267223965 0.122793 912
1732267224350 0.328366 913
1732267224739 -0.055765 914
1732267225135 -0.079869 915
1732267225521 0.111466 916
1732267225895 0.088151 917
1732267226281 -0.312053 918
1732267226685 -0.052637 919
1732267227068 0.034145 920
1732267227456 0.354549 921
1732267227832 -0.139124 922
1732267228213 -0.067361 923
1732267228603 -0.33912 924
1732267228983 -0.086414 925
1732267229369 -0.180637 926
1732267229750 -0.311304 927
1732267230139 0.114915 928
1732267230524 -0.218775 929
1732267230908 0.038876 930
1732267231296 -0.314657 931
1732267231678 0.076718 932
1732267232062 -0.34762 933
1732267232439 0.082328 934
1732267232832 -0.0977 935
1732267233215 -0.130747 936
1732267233594 -0.001749 937
1732267233978 -0.104743 938
1732267234363 -0.033771 939
1732267234740 -0.101387 940
1732267235118 0.133407 941
1732267235502 0.071572 942
1732267235881 -0.351181 943
1732267236268 0.052056 944
1732267236652 -0.042071 945
1732267237031 0.096773 946
1732267237416 0.26574 947
1732267237794 -0.061789 948
1732267238187 -0.055724 949
1732267238574 0.018694 950
1732267238953 -0.02011 951
1732267239341 0.035797 952
1732267239726 -0.073233 953
1732267240117 0.097044 954
1732267240510 -0.119217 955
1732267240910 -0.11733 956
1732267241312 -0.028324 957
1732267241715 -0.19446 958
1732267242096 0.047466 959
1732267242486 0.119479 960
1732267242881 -0.226603 961
1732267243282 -0.053694 962
1732267243690 -0.090625 963
1732267244084 0.11399 964
1732267244478 -0.183234 965
1732267244878 0.157744 966
1732267245286 -0.211632 967
1732267245675 -0.06689 968
1732267246062 -0.079966 969
1732267246461 0.018507 970
1732267246876 0.007518 971
1732267247268 -0.088092 972
1732267247669 0.03979 973
1732267248074 0.082782 974
1732267248464 -0.37113 975
1732267248859 -0.104516 976
1732267249269 0.060099 977
1732267249663 -0.140058 978
1732267250057 -0.058922 979
1732267250460 -0.035453 980
1732267250849 0.107391 981
1732267251238 -0.019765 982
1732267251643 0.108008 983
1732267252055 0.337975 984
1732267252459 -0.123318 985
1732267252867 -0.156325 986
1732267253280 0.039666 987
1732267253670 -0.203465 988
1732267254081 0.196389 989
1732267254473 -0.084324 990
1732267254884 -0.063758 991
1732267255303 -0.11421 992
1732267255707 0.287386 993
1732267256112 0.070268 994
1732267256508 -0.049696 995
1732267256902 -0.145882 996
1732267257303 0.035199 997
1732267257713 0.020479 998
1732267258117 0.122542 999
