1731302711124 -0.056228 0
1731302711882 -0.473197 1
1731302712481 0.024339 2
1731302712968 -0.708047 3
1731302713431 -0.101081 4
1731302713892 -0.48584 5
1731302714383 -0.600982 6
1731302714933 -0.587168 7
1731302715473 -0.143508 8
1731302715952 -0.248994 9
1731302716440 -0.503382 10
1731302716919 -0.313161 11
1731302717340 -0.149199 12
1731302717906 -0.298346 13
1731302718338 -0.017315 14
1731302718846 -0.109818 15
1731302719286 -0.321906 16
1731302719759 -0.089854 17
1731302720260 -0.257436 18
1731302720764 -0.006561 19
1731302721169 -0.334374 20
1731302721710 0.142304 21
1731302722163 0.060282 22
1731302722593 -0.216995 23
1731302723027 -0.619009 24
1731302723539 0.063796 25
1731302723922 -0.153468 26
1731302724339 -0.285178 27
1731302724837 -0.634167 28
1731302725227 -0.70443 29
1731302725742 -0.142823 30
1731302726215 -0.549831 31
1731302726625 -0.380724 32
1731302727099 -0.160504 33
1731302727585 -0.752324 34
1731302727970 0.164321 35
1731302728405 -0.892176 36
1731302728878 -0.324149 37
1731302729333 -0.325456 38
1731302729893 -0.671495 39
1731302730261 -0.026023 40
1731302730661 -1.059074 41
1731302731232 0.086645 42
1731302731624 0.174872 43
1731302732126 0.069906 44
1731302732641 -0.268814 45
1731302733097 -0.068875 46
1731302733612 -0.147713 47
1731302734073 -1.19892 48
1731302734511 -0.18804 49
1731302734881 -0.29913 50
1731302735261 -0.211943 51
1731302735747 -0.967151 52
1731302736228 -0.763566 53
1731302736693 -0.175991 54
1731302737127 0.035639 55
1731302737625 -1.192472 56
1731302738107 -0.166378 57
1731302738573 -0.806685 58
1731302739051 -0.751195 59
1731302739545 0.005677 60
1731302740007 -0.028505 61
1731302740375 -0.24168 62
1731302740910 0.037326 63
1731302741364 -0.820815 64
1731302741843 -1.644365 65
1731302742325 -1.120465 66
1731302742786 -0.051475 67
1731302743233 -0.348206 68
1731302743695 -0.407277 69
1731302744166 -0.011877 70
1731302744640 -0.488291 71
1731302745128 -0.874595 72
1731302745452 -0.991768 73
1731302745920 -0.758612 74
1731302746357 -0.101726 75
1731302746801 -1.26439 76
1731302747227 -0.558032 77
1731302747686 -0.448835 78
1731302748214 0.043232 79
1731302748704 -0.634679 80
1731302749190 -0.427308 81
1731302749637 -0.176073 82
1731302750119 -0.252382 83
1731302750633 -0.091233 84
1731302751129 -2.402154 85
1731302751582 -0.917067 86
1731302752094 -0.404491 87
1731302752611 -0.953357 88
1731302753071 -0.416818 89
1731302753517 -0.180669 90
1731302753980 -0.393703 91
1731302754452 -0.531464 92
1731302754873 -0.118227 93
1731302755301 -0.564997 94
1731302755686 -0.958223 95
1731302756140 -0.202412 96
1731302756633 -0.122043 97
1731302757081 -0.276097 98
1731302757504 -0.140163 99
1731302757906 -0.692504 100
1731302758235 -0.225722 101
1731302758657 -0.50219 102
1731302759078 -0.474858 103
1731302759423 -0.674981 104
1731302759917 -0.383319 105
1731302760408 -0.919573 106
1731302760825 -1.053688 107
1731302761263 -0.108084 108
1731302761711 -0.71886 109
1731302762102 -0.798523 110
1731302762447 -0.797888 111
1731302762922 -1.169118 112
1731302763279 -0.98325 113
1731302763674 -0.05833 114
1731302764161 -0.042634 115
1731302764599 -0.772725 116
1731302764989 0.076078 117
1731302765466 -0.787298 118
1731302765955 -0.961514 119
1731302766434 -0.076618 120
1731302766960 -0.307862 121
1731302767428 -0.148185 122
1731302767879 -0.088974 123
1731302768344 -0.001194 124
1731302768772 -1.452649 125
1731302769162 -0.704805 126
1731302769526 -0.005405 127
1731302769882 -0.411925 128
1731302770356 -0.001408 129
1731302770788 -0.050507 130
1731302771226 0.017232 131
1731302771650 -0.962355 132
1731302772040 0.057067 133
1731302772528 -0.454286 134
1731302772958 -0.25549 135
1731302773369 -0.448646 136
1731302773751 -0.067761 137
1731302774141 -0.02699 138
1731302774619 -1.095692 139
1731302775047 -0.846275 140
1731302775420 -0.932018 141
1731302775865 -1.495776 142
1731302776294 -0.001586 143
1731302776730 -0.021622 144
1731302777102 -0.358627 145
1731302777519 -0.092923 146
1731302777923 0.078333 147
1731302778377 -1.231771 148
1731302778852 -1.070853 149
1731302779296 -0.123216 150
1731302779765 0.025785 151
1731302780230 -1.303891 152
1731302780640 -0.061826 153
1731302781048 -0.108187 154
1731302781501 -0.127124 155
1731302781884 -1.284742 156
1731302782338 -0.373172 157
1731302782765 -0.062211 158
1731302783181 -0.172704 159
1731302783621 -1.019906 160
1731302784066 -1.330587 161
1731302784522 0.044853 162
1731302784918 -0.205709 163
1731302785304 -0.309054 164
1731302785756 -1.308633 165
1731302786226 -0.056313 166
1731302786676 -0.229234 167
1731302787138 -0.01253 168
1731302787590 -0.992311 169
1731302788005 -0.004432 170
1731302788471 -0.989487 171
1731302788898 -0.019161 172
1731302789370 -0.092313 173
1731302789782 -0.071056 174
1731302790226 -0.069232 175
1731302790650 -1.144184 176
1731302791094 -0.086173 177
1731302791493 -0.138043 178
1731302791931 -2.021728 179
1731302792406 -0.52056 180
1731302792866 -0.711521 181
1731302793297 -0.09999 182
1731302793746 -0.356938 183
1731302794202 -0.299766 184
1731302794638 -0.548202 185
1731302795090 -0.144519 186
1731302795557 -0.496233 187
1731302796009 -0.312156 188
1731302796451 -0.558177 189
1731302796914 -0.322652 190
1731302797386 -0.536799 191
1731302797866 -0.302419 192
1731302798308 -0.306673 193
1731302798734 -0.120524 194
1731302799194 -0.269221 195
1731302799654 -0.192456 196
1731302800023 -0.108068 197
1731302800441 -0.585595 198
1731302800910 -0.443578 199
1731302801356 -0.077656 200
1731302801842 -0.762955 201
1731302802264 -1.17794 202
1731302802733 -0.364654 203
1731302803105 -0.181409 204
1731302803574 -0.89113 205
1731302804086 -0.110217 206
1731302804502 -0.534831 207
1731302804872 -0.074164 208
1731302805340 -0.157468 209
1731302805810 -0.658066 210
1731302806243 -0.727225 211
1731302806650 -0.773765 212
1731302807056 -1.068525 213
1731302807544 0.090844 214
1731302808008 -0.046405 215
1731302808366 -0.602087 216
1731302808757 -0.506304 217
1731302809090 -0.074433 218
1731302809530 -0.054124 219
1731302809974 -1.283232 220
1731302810415 -0.071956 221
1731302810815 -0.30202 222
1731302811152 -0.808453 223
1731302811515 -0.104341 224
1731302811962 0.041286 225
1731302812377 -0.5586 226
1731302812841 -0.061497 227
1731302813299 -0.698523 228
1731302813737 0.005396 229
1731302814193 -0.188414 230
1731302814660 -0.231139 231
1731302815104 -0.846889 232
1731302815484 -0.109619 233
1731302815958 -0.512938 234
1731302816335 -0.057864 235
1731302816691 -1.175245 236
1731302817180 0.000621 237
1731302817597 -0.85986 238
1731302818074 -0.202573 239
1731302818577 -0.400048 240
1731302818935 -0.316187 241
1731302819408 -0.224004 242
1731302819867 -0.648764 243
1731302820381 -0.352126 244
1731302820841 -0.26958 245
1731302821292 -1.049436 246
1731302821646 -0.067431 247
1731302822111 -0.116014 248
1731302822602 -0.054453 249
1731302823036 -0.222512 250
1731302823500 -0.03387 251
1731302823981 -0.412918 252
1731302824492 -0.229286 253
1731302825000 -1.057402 254
1731302825471 -0.392675 255
1731302825922 -1.169995 256
1731302826416 -0.097291 257
1731302826888 -0.416885 258
1731302827355 -0.0163 259
1731302827839 -1.101146 260
1731302828338 -0.703979 261
1731302828816 -0.254228 262
1731302829281 -0.42187 263
1731302829782 -1.155888 264
1731302830279 -0.111148 265
1731302830718 -1.0412 266
1731302831113 -0.071956 267
1731302831624 0.01216 268
1731302832080 -0.464412 269
1731302832429 -0.885906 270
1731302832918 -0.437994 271
1731302833382 -1.153744 272
1731302833847 -1.134014 273
1731302834360 -0.456442 274
1731302834798 -0.143938 275
1731302835270 -1.476702 276
1731302835740 -0.060441 277
1731302836235 -0.195534 278
1731302836717 -0.090058 279
1731302837202 -1.065037 280
1731302837622 -1.23996 281
1731302837987 -0.769638 282
1731302838424 -0.11304 283
1731302838894 -0.924475 284
1731302839362 -0.133779 285
1731302839715 -0.153933 286
1731302840174 -0.150271 287
1731302840527 -0.459053 288
1731302840887 -0.052862 289
1731302841282 -0.051305 290
1731302841780 -0.279313 291
1731302842267 -0.243284 292
1731302842757 -0.017794 293
1731302843240 -0.119124 294
1731302843605 -0.091908 295
1731302844081 -0.32331 296
1731302844451 -0.103555 297
1731302844944 -0.42734 298
1731302845407 -0.058735 299
1731302845851 -0.838629 300
1731302846346 -0.72965 301
1731302846803 -0.357707 302
1731302847195 -0.207788 303
1731302847585 -0.499547 304
1731302848099 -0.709331 305
1731302848574 -0.756653 306
1731302849093 -0.129893 307
1731302849455 -0.948212 308
1731302849960 -0.239761 309
1731302850316 -0.41357 310
1731302850791 -0.216685 311
1731302851255 -0.302133 312
1731302851752 -0.276537 313
1731302852282 -0.738283 314
1731302852788 -0.1511 315
1731302853239 -0.422187 316
1731302853758 -0.161799 317
1731302854269 -0.829457 318
1731302854689 -0.257268 319
1731302855083 -0.429449 320
1731302855510 -0.149395 321
1731302855985 -0.117293 322
1731302856449 -0.121415 323
1731302856902 -0.155657 324
1731302857377 -0.139207 325
1731302857824 -0.294541 326
1731302858286 -0.151967 327
1731302858737 -0.224282 328
1731302859232 -0.675701 329
1731302859610 -0.185086 330
1731302859961 -1.179478 331
1731302860419 -0.180228 332
1731302860781 -0.201294 333
1731302861174 -0.601036 334
1731302861537 -0.254348 335
1731302861935 -0.784435 336
1731302862437 -0.676503 337
1731302862874 -0.292433 338
1731302863257 -0.673138 339
1731302863703 -0.240118 340
1731302864199 -0.114028 341
1731302864728 -0.510744 342
1731302865209 -0.061558 343
1731302865662 -0.447037 344
1731302866070 -0.575029 345
1731302866616 -0.229358 346
1731302867083 -0.041981 347
1731302867489 -0.221679 348
1731302867969 -0.748855 349
1731302868474 -0.332637 350
1731302868863 -0.895831 351
1731302869356 -0.12515 352
1731302869860 -0.465841 353
1731302870367 -0.525195 354
1731302870885 -0.235053 355
1731302871343 -0.180188 356
1731302871738 -0.120041 357
1731302872200 -0.419515 358
1731302872648 -0.833781 359
1731302873137 -0.029143 360
1731302873603 -0.011176 361
1731302874075 -0.141754 362
1731302874563 -0.225002 363
1731302875014 -0.289999 364
1731302875485 0.018854 365
1731302875913 -0.069674 366
1731302876391 -0.513753 367
1731302876839 -0.168779 368
1731302877283 -0.628617 369
1731302877762 -0.166837 370
1731302878250 -0.765857 371
1731302878623 -0.151773 372
1731302879059 -0.137171 373
1731302879462 -0.745038 374
1731302879802 0.013916 375
1731302880260 -0.126562 376
1731302880622 -0.492355 377
1731302881117 0.110553 378
1731302881522 -0.567401 379
1731302881989 -0.079791 380
1731302882463 0.016179 381
1731302882947 -0.572693 382
1731302883422 -0.926611 383
1731302883796 -0.154846 384
1731302884306 -0.269795 385
1731302884785 -0.015482 386
1731302885277 -0.851535 387
1731302885722 -0.631805 388
1731302886172 -1.029804 389
1731302886643 -0.260404 390
1731302887063 -0.184912 391
1731302887457 -0.0576 392
1731302887824 -0.953823 393
1731302888179 -0.11873 394
1731302888654 -0.840536 395
1731302889113 -0.092322 396
1731302889576 -0.308614 397
1731302890035 -0.367243 398
1731302890508 -0.293412 399
1731302890946 -0.049092 400
1731302891380 -0.150314 401
1731302891751 -0.395804 402
1731302892123 -0.101975 403
1731302892626 -0.171063 404
1731302893037 -0.128902 405
1731302893513 -0.037948 406
1731302893891 -0.208951 407
1731302894277 -0.271007 408
1731302894779 -0.580589 409
1731302895247 -1.001681 410
1731302895662 -0.19263 411
1731302896130 -1.128356 412
1731302896599 -0.207405 413
1731302897111 -1.069964 414
1731302897508 -0.187586 415
1731302898014 -0.872274 416
1731302898458 -0.274651 417
1731302898869 -0.207083 418
1731302899261 -0.906515 419
1731302899727 -0.706882 420
1731302900203 -0.626138 421
1731302900687 0.003664 422
1731302901163 -0.260433 423
1731302901639 0.053964 424
1731302902153 -1.031117 425
1731302902570 0.084067 426
1731302902956 -0.716334 427
1731302903464 -0.439254 428
1731302903905 -0.803266 429
1731302904345 -0.0949 430
1731302904697 -0.240091 431
1731302905076 -0.128071 432
1731302905528 -0.354391 433
1731302905974 -0.094728 434
1731302906403 -0.039047 435
1731302906852 -0.152724 436
1731302907290 -0.253472 437
1731302907741 -0.214604 438
1731302908187 -0.3644 439
1731302908689 -0.116357 440
1731302909169 -0.25411 441
1731302909540 -0.78471 442
1731302910017 -0.055942 443
1731302910400 -0.694859 444
1731302910840 -0.276502 445
1731302911323 0.017435 446
1731302911816 -0.189288 447
1731302912246 -0.682699 448
1731302912788 0.028748 449
1731302913228 -0.803849 450
1731302913662 -0.254816 451
1731302914103 -0.180156 452
1731302914582 -0.951206 453
1731302915059 -0.218888 454
1731302915511 -0.666198 455
1731302915990 -0.088255 456
1731302916445 -0.066778 457
1731302916901 -0.707072 458
1731302917368 -0.086169 459
1731302917729 -0.197954 460
1731302918161 -0.248378 461
1731302918535 0.048664 462
1731302919025 -0.024888 463
1731302919495 -0.127036 464
1731302919929 -0.111156 465
1731302920427 -0.218169 466
1731302920859 -0.252145 467
1731302921331 -0.123728 468
1731302921784 -0.118612 469
1731302922295 -0.984587 470
1731302922725 -0.606464 471
1731302923115 -0.186182 472
1731302923572 -0.63665 473
1731302923921 -0.035892 474
1731302924378 -0.029002 475
1731302924794 -0.910116 476
1731302925260 -0.844936 477
1731302925783 -0.272516 478
1731302926261 0.020246 479
1731302926688 -0.389088 480
1731302927104 -0.035163 481
1731302927471 -0.196565 482
1731302927857 0.000675 483
1731302928232 -0.00352 484
1731302928622 -0.843552 485
1731302929092 -0.111155 486
1731302929553 -0.262466 487
1731302929949 -0.110698 488
1731302930449 -1.064763 489
1731302930943 -0.156449 490
1731302931416 -0.186569 491
1731302931886 -0.36098 492
1731302932333 -0.174346 493
1731302932842 -0.179329 494
1731302933267 -0.549189 495
1731302933637 -0.544939 496
1731302934083 -0.046361 497
1731302934564 -0.266983 498
1731302935062 -0.104692 499
1731302935529 -0.125431 500
1731302935984 -0.18271 501
1731302936445 -0.416688 502
1731302936901 -0.18207 503
1731302937367 -1.041031 504
1731302937809 -0.327912 505
1731302938308 -0.302685 506
1731302938719 -0.417598 507
1731302939186 -0.333711 508
1731302939619 -0.20462 509
1731302940119 -0.210328 510
1731302940556 -0.398886 511
1731302941006 -0.606908 512
1731302941467 -0.15137 513
1731302941903 -0.245004 514
1731302942294 -0.032357 515
1731302942752 -0.636941 516
1731302943185 0.009497 517
1731302943646 -0.813005 518
1731302944113 -0.182733 519
1731302944594 -0.181307 520
1731302945064 -0.045347 521
1731302945501 -0.133747 522
1731302945965 -0.106968 523
1731302946490 -0.161561 524
1731302946936 -0.330307 525
1731302947385 -0.158889 526
1731302947867 -0.088114 527
1731302948368 -0.126008 528
1731302948841 -0.238461 529
1731302949327 -0.59735 530
1731302949776 -0.203267 531
1731302950120 -0.529869 532
1731302950481 -0.145834 533
1731302950956 -0.097535 534
1731302951476 -0.089497 535
1731302951827 -0.6234 536
1731302952223 -0.443326 537
1731302952711 -0.25966 538
1731302953219 -0.527867 539
1731302953674 -0.129668 540
1731302954132 0.000836 541
1731302954588 -0.156619 542
1731302955040 -0.467135 543
1731302955428 -0.072039 544
1731302955846 -0.117014 545
1731302956329 -0.157648 546
1731302956792 -0.660165 547
1731302957280 -0.054952 548
1731302957772 -0.486739 549
1731302958246 0.287984 550
1731302958744 -0.599602 551
1731302959092 -0.260167 552
1731302959431 -0.478062 553
1731302959874 -0.184743 554
1731302960332 -0.633213 555
1731302960840 -0.2934 556
1731302961275 -0.673246 557
1731302961609 -1.072102 558
1731302962098 -0.918364 559
1731302962602 -0.107291 560
1731302963065 -0.073211 561
1731302963528 -1.180076 562
1731302964111 -0.871983 563
1731302964574 -1.281567 564
1731302964933 0.011444 565
1731302965423 -0.145966 566
1731302965930 -0.516933 567
1731302966390 0.069016 568
1731302966737 -0.556094 569
1731302967266 -0.217127 570
1731302967708 -0.123049 571
1731302968082 -0.340661 572
1731302968567 -0.333127 573
1731302969063 -0.135002 574
1731302969515 -0.135572 575
1731302969970 -0.294641 576
1731302970441 -0.637233 577
1731302970902 -0.303312 578
1731302971351 -0.716091 579
1731302971789 -0.445013 580
1731302972171 -0.142464 581
1731302972563 -0.411901 582
1731302973059 -0.179774 583
1731302973517 -0.348396 584
1731302973999 -0.498849 585
1731302974413 -0.684398 586
1731302974906 -0.488028 587
1731302975405 -0.228604 588
1731302975836 -0.276158 589
1731302976225 -0.76227 590
1731302976628 -0.306375 591
1731302976972 -0.65198 592
1731302977465 -0.264172 593
1731302977991 -0.552034 594
1731302978443 -0.208048 595
1731302979001 -0.491608 596
1731302979511 -0.070651 597
1731302979974 -0.301265 598
1731302980479 -0.237898 599
1731302980961 -0.149301 600
1731302981355 -0.889686 601
1731302981844 -0.409203 602
1731302982333 -0.243805 603
1731302982822 -0.589025 604
1731302983268 -0.147255 605
1731302983763 -0.216992 606
1731302984264 -0.791344 607
1731302984719 -0.287289 608
1731302985068 -0.052306 609
1731302985400 -0.9952 610
1731302985758 -0.230341 611
1731302986145 -0.923295 612
1731302986574 -0.823744 613
1731302986952 -0.426336 614
1731302987402 -0.42922 615
1731302987886 -0.551331 616
1731302988355 -0.304772 617
1731302988818 -0.328707 618
1731302989240 -0.546077 619
1731302989696 -0.862121 620
1731302990150 -0.760593 621
1731302990604 -0.281001 622
1731302991126 -0.701401 623
1731302991612 -0.542171 624
1731302992093 -0.134654 625
1731302992578 -0.049819 626
1731302992940 -0.437502 627
1731302993385 -0.088375 628
1731302993836 -0.315276 629
1731302994213 -0.289067 630
1731302994616 0.051985 631
1731302994998 0.256482 632
1731302995419 -0.448843 633
1731302995915 -0.241665 634
1731302996313 -0.540374 635
1731302996739 -0.357752 636
1731302997128 -0.105342 637
1731302997496 0.132037 638
1731302997945 0.138386 639
1731302998364 -0.139566 640
1731302998844 -0.173959 641
1731302999296 -0.162643 642
1731302999685 -0.19552 643
1731303000142 -0.269657 644
1731303000545 -0.039197 645
1731303000931 -0.753796 646
1731303001365 -0.780845 647
1731303001721 -0.41794 648
1731303002147 -0.89625 649
1731303002536 -0.986535 650
1731303003060 -0.084068 651
1731303003437 -0.029105 652
1731303003941 -1.022526 653
1731303004390 -0.107269 654
1731303004922 -1.381967 655
1731303005415 -0.122613 656
1731303005921 -0.311574 657
1731303006355 -0.421084 658
1731303006815 -0.092555 659
1731303007226 -0.222985 660
1731303007673 -0.129301 661
1731303008119 -0.105157 662
1731303008482 -0.10585 663
1731303008953 0.089659 664
1731303009366 -0.631025 665
1731303009735 -0.278011 666
1731303010107 -0.356284 667
1731303010587 0.37658 668
1731303010946 0.032269 669
1731303011418 -0.412324 670
1731303011856 -0.430302 671
1731303012311 -1.32775 672
1731303012771 -1.110464 673
1731303013242 -0.16993 674
1731303013669 -0.115817 675
1731303014171 0.307934 676
1731303014576 0.01556 677
1731303015038 -0.680031 678
1731303015504 0.178839 679
1731303015941 0.295369 680
1731303016405 -0.134806 681
1731303016905 0.099307 682
1731303017308 0.011952 683
1731303017776 0.039413 684
1731303018229 -0.193596 685
1731303018675 0.007672 686
1731303019104 0.118916 687
1731303019546 -0.52288 688
1731303020024 -0.944091 689
1731303020395 -0.550973 690
1731303020856 -0.224914 691
1731303021303 -0.610468 692
1731303021752 -0.099114 693
1731303022282 -0.15192 694
1731303022685 -0.403065 695
1731303023118 -0.073184 696
1731303023601 0.232448 697
1731303024082 0.369754 698
1731303024537 -0.114631 699
1731303024964 -0.223496 700
1731303025467 0.34206 701
1731303025884 -0.768564 702
1731303026342 0.020315 703
1731303026786 0.110097 704
1731303027143 0.097772 705
1731303027592 -0.835327 706
1731303028060 -0.227238 707
1731303028483 -1.125651 708
1731303028915 -1.623055 709
1731303029347 0.437047 710
1731303029689 0.392731 711
1731303030201 -0.229922 712
1731303030649 -0.059918 713
1731303031069 -0.386404 714
1731303031399 -1.106183 715
1731303031836 -1.043415 716
1731303032304 -0.868122 717
1731303032708 0.381061 718
1731303033185 0.385501 719
1731303033586 -0.183359 720
1731303034075 -0.502882 721
1731303034428 -0.640676 722
1731303034847 -0.243348 723
1731303035274 -0.10406 724
1731303035754 -0.132473 725
1731303036213 -0.943272 726
1731303036646 -0.941094 727
1731303037052 -0.0511 728
1731303037473 -1.17887 729
1731303037943 -0.065991 730
1731303038371 -0.540872 731
1731303038806 -1.117149 732
1731303039216 -0.755253 733
1731303039594 -0.512461 734
1731303040059 -0.157045 735
1731303040445 -0.865386 736
1731303040934 -0.706518 737
1731303041423 -1.21147 738
1731303041834 0.009627 739
1731303042298 -0.383371 740
1731303042676 -1.029604 741
1731303043126 -0.403759 742
1731303043527 -1.028853 743
1731303043902 -1.077904 744
1731303044357 -0.269638 745
1731303044872 -0.286189 746
1731303045266 -0.024779 747
1731303045670 0.054409 748
1731303046144 -1.527065 749
1731303046570 -0.213877 750
1731303047031 -0.548326 751
1731303047503 -0.57687 752
1731303047963 -0.431617 753
1731303048426 -1.086422 754
1731303048877 -0.25547 755
1731303049352 -0.849076 756
1731303049839 -0.869453 757
1731303050275 -1.052254 758
1731303050773 0.005907 759
1731303051226 -1.003143 760
1731303051651 -1.114663 761
1731303052080 -0.101593 762
1731303052508 -0.163979 763
1731303052947 -0.593794 764
1731303053424 0.01252 765
1731303053764 0.03642 766
1731303054142 -1.314852 767
1731303054577 -1.178222 768
1731303055019 -0.340441 769
1731303055498 -0.986947 770
1731303055947 -1.129804 771
1731303056459 -0.163539 772
1731303056965 -0.873744 773
1731303057441 -0.485992 774
1731303057893 -0.018211 775
1731303058400 -1.018295 776
1731303058760 -0.213864 777
1731303059219 -1.240667 778
1731303059632 -0.450213 779
1731303060123 -0.463546 780
1731303060565 -0.236212 781
1731303061026 -0.248992 782
1731303061376 -0.04104 783
1731303061925 -0.055783 784
1731303062402 -0.213359 785
1731303062855 -0.183986 786
1731303063341 -0.217023 787
1731303063832 -0.358383 788
1731303064329 -1.095588 789
1731303064854 -0.309132 790
1731303065206 -1.260444 791
1731303065671 -0.813006 792
1731303066116 -0.011229 793
1731303066632 -1.314977 794
1731303067093 -0.457552 795
1731303067539 -0.893311 796
1731303068054 -1.070116 797
1731303068540 -0.140296 798
1731303068996 -0.904829 799
1731303069389 -0.008637 800
1731303069868 -1.244616 801
1731303070320 -0.208833 802
1731303070779 -0.008925 803
1731303071139 -0.050083 804
1731303071566 0.034328 805
1731303072000 -0.146629 806
1731303072429 -0.304777 807
1731303072780 -0.042731 808
1731303073239 -0.467667 809
1731303073699 -1.811022 810
1731303074171 -0.077675 811
1731303074524 -0.786069 812
1731303075014 -0.833485 813
1731303075375 -0.21157 814
1731303075830 -0.967315 815
1731303076283 -0.853056 816
1731303076729 -0.996479 817
1731303077145 -0.282116 818
1731303077535 -0.220875 819
1731303078020 -0.186788 820
1731303078429 -0.278301 821
1731303078836 -0.350945 822
1731303079306 -0.996804 823
1731303079787 -1.453713 824
1731303080239 -0.983726 825
1731303080667 -0.322851 826
1731303080995 -0.025008 827
1731303081461 -0.534429 828
1731303081907 -0.42562 829
1731303082297 0.003457 830
1731303082747 -0.658084 831
1731303083200 0.056119 832
1731303083532 -0.893836 833
1731303083903 -0.012237 834
1731303084358 -0.948814 835
1731303084813 -1.207964 836
1731303085237 -0.29719 837
1731303085684 -0.277285 838
1731303086162 -0.146409 839
1731303086615 -0.717886 840
1731303087228 0.057587 841
1731303087717 -0.267915 842
1731303088139 -0.487303 843
1731303088624 -0.733734 844
1731303089098 -0.746548 845
1731303089467 -1.047688 846
1731303089972 -1.01845 847
1731303090366 -0.187598 848
1731303090864 -0.939233 849
1731303091338 -0.719548 850
1731303091762 -0.091788 851
1731303092280 -0.306479 852
1731303092688 -0.253253 853
1731303093144 0.034888 854
1731303093573 -0.28238 855
1731303094033 -0.190806 856
1731303094517 -0.884315 857
1731303094933 -0.890552 858
1731303095315 -1.08929 859
1731303095649 -0.030441 860
1731303096144 -0.978789 861
1731303096633 -1.175715 862
1731303097175 -0.186959 863
1731303097672 -0.42508 864
1731303098049 -0.06266 865
1731303098587 -1.062856 866
1731303098984 -1.051246 867
1731303099373 -1.847179 868
1731303099851 -0.135382 869
1731303100324 -0.902773 870
1731303100787 0.093735 871
1731303101288 -0.700144 872
1731303101685 0.041543 873
1731303102163 -1.251533 874
1731303102621 -1.277471 875
1731303103097 -0.081535 876
1731303103608 -0.065132 877
1731303104120 -0.303169 878
1731303104597 -0.088456 879
1731303105090 -0.333075 880
1731303105413 -1.077892 881
1731303105820 -0.921011 882
1731303106261 0.0615 883
1731303106798 -0.232315 884
1731303107184 -0.090964 885
1731303107649 -0.05001 886
1731303108067 -1.151863 887
1731303108624 -0.409013 888
1731303109095 -1.258444 889
1731303109566 -0.39038 890
1731303110087 -0.48477 891
1731303110539 -1.049622 892
1731303111006 -0.165224 893
1731303111538 -0.078391 894
1731303112003 -1.625515 895
1731303112433 -1.020855 896
1731303112904 -0.995856 897
1731303113413 -1.360905 898
1731303113862 0.002024 899
1731303114350 -1.17074 900
1731303114829 -1.250423 901
1731303115308 -0.031859 902
1731303115830 -0.120509 903
1731303116299 -1.687068 904
1731303116717 0.033143 905
1731303117207 0.038151 906
1731303117703 -0.862162 907
1731303118218 -0.107396 908
1731303118610 -0.310046 909
1731303118970 -0.122615 910
1731303119365 -0.195319 911
1731303119857 -0.136919 912
1731303120323 -1.182587 913
1731303120744 -0.072481 914
1731303121223 -1.20627 915
1731303121724 -1.012704 916
1731303122140 -0.233005 917
1731303122659 -0.094187 918
1731303123058 -0.063497 919
1731303123491 -0.787305 920
1731303123976 -0.784284 921
1731303124405 -0.977192 922
1731303124857 -1.088873 923
1731303125313 -0.970476 924
1731303125808 -0.233717 925
1731303126350 -0.298843 926
1731303126839 -0.391406 927
1731303127381 -0.871184 928
1731303127844 -1.052942 929
1731303128341 -1.14762 930
1731303128790 -1.103157 931
1731303129225 -0.45622 932
1731303129707 -0.105241 933
1731303130171 -0.974798 934
1731303130541 -0.051278 935
1731303130921 -0.211082 936
1731303131326 -0.862999 937
1731303131872 -0.898429 938
1731303132317 -0.958076 939
1731303132719 -0.295142 940
1731303133188 -0.021684 941
1731303133650 -1.178491 942
1731303134082 -0.038873 943
1731303134456 -0.072426 944
1731303134844 -0.123904 945
1731303135312 -0.063247 946
1731303135774 -1.286477 947
1731303136274 -0.668912 948
1731303136640 -0.427905 949
1731303137151 -0.035696 950
1731303137583 -0.468357 951
1731303138091 -0.622702 952
1731303138465 -0.29554 953
1731303138973 -0.42469 954
1731303139377 -0.087375 955
1731303139875 -0.14804 956
1731303140263 -0.036264 957
1731303140764 -1.118178 958
1731303141293 -0.833806 959
1731303141772 -0.034579 960
1731303142162 -1.204153 961
1731303142627 -0.162879 962
1731303143085 -0.675813 963
1731303143521 -0.379843 964
1731303143945 -0.168802 965
1731303144392 -0.42137 966
1731303144740 -0.11604 967
1731303145101 -0.58974 968
1731303145457 -1.027051 969
1731303145940 -1.069959 970
1731303146295 -0.840113 971
1731303146674 -0.232594 972
1731303147160 -0.07161 973
1731303147564 -0.480776 974
1731303147945 0.036478 975
1731303148396 -0.144755 976
1731303148846 -0.133309 977
1731303149325 -0.742861 978
1731303149760 0.088037 979
1731303150144 -0.091927 980
1731303150666 -0.13228 981
1731303151168 -1.312286 982
1731303151685 -0.064172 983
1731303152113 -0.790689 984
1731303152510 -0.504625 985
1731303153020 -0.406226 986
1731303153539 -1.018849 987
1731303153991 0.022599 988
1731303154462 -0.369609 989
1731303154970 -0.041918 990
1731303155542 -0.231934 991
1731303155946 -0.039347 992
1731303156473 -0.808029 993
1731303156961 -0.521874 994
1731303157344 -0.09694 995
1731303157845 -0.450306 996
1731303158415 0.045577 997
1731303158831 -0.829628 998
1731303159353 -1.295768 999
