1732178088812 -0.20712 0
1732178089299 0.822366 1
1732178089705 -0.151648 2
1732178090113 0.486721 3
1732178090529 -0.100449 4
1732178090936 0.788122 5
1732178091325 0.765995 6
1732178091743 0.54648 7
1732178092152 0.553514 8
1732178092553 -0.120043 9
1732178092940 -0.031455 10
1732178093329 -0.105616 11
1732178093721 0.431213 12
1732178094115 1.146428 13
1732178094521 0.176146 14
1732178094919 1.191007 15
1732178095317 0.718108 16
1732178095716 0.366853 17
1732178096113 0.681872 18
1732178096504 0.686782 19
1732178096912 0.551749 20
1732178097305 0.359985 21
1732178097692 0.081591 22
1732178098073 0.778793 23
1732178098462 -0.016512 24
1732178098848 0.459597 25
1732178099228 -0.023993 26
1732178099611 0.188825 27
1732178099993 0.517845 28
1732178100385 0.674265 29
1732178100763 0.593343 30
1732178101151 -0.06875 31
1732178101534 0.159079 32
1732178101911 -0.177905 33
1732178102292 -0.120043 34
1732178102677 0.371252 35
1732178103066 0.427114 36
1732178103478 0.353858 37
1732178103889 -0.194493 38
1732178104306 -0.225543 39
1732178104704 -0.124304 40
1732178105097 0.444935 41
1732178105494 0.82542 42
1732178105903 0.376317 43
1732178106296 0.117319 44
1732178106685 0.450552 45
1732178107073 0.57701 46
1732178107455 -0.096087 47
1732178107861 0.196825 48
1732178108254 -0.054428 49
1732178108636 0.727712 50
1732178109025 0.788122 51
1732178109409 0.311869 52
1732178109805 -0.16905 53
1732178110200 0.411736 54
1732178110610 0.962644 55
1732178111013 0.49173 56
1732178111439 0.487475 57
1732178111825 -0.132391 58
1732178112214 -0.099176 59
1732178112596 0.766981 60
1732178112982 0.287062 61
1732178113371 0.200345 62
1732178113760 0.306092 63
1732178114146 0.317175 64
1732178114535 1.146428 65
1732178114921 0.799805 66
1732178115312 -0.06704 67
1732178115701 0.590394 68
1732178116086 0.962644 69
1732178116493 -0.20712 70
1732178116887 0.861823 71
1732178117275 0.824403 72
1732178117663 0.431213 73
1732178118057 -0.231695 74
1732178118447 0.700918 75
1732178118834 0.309015 76
1732178119238 0.468249 77
1732178119622 0.123802 78
1732178120014 -0.031455 79
1732178120419 -0.16089 80
1732178120817 0.566153 81
1732178121218 0.359985 82
1732178121604 0.247668 83
1732178121991 0.286148 84
1732178122368 0.40431 85
1732178122748 0.431213 86
1732178123132 0.722033 87
1732178123518 0.566153 88
1732178123902 0.243261 89
1732178124286 0.352722 90
1732178124667 0.287089 91
1732178125052 -0.05472 92
1732178125441 0.27026 93
1732178125825 0.302174 94
1732178126213 -0.286332 95
1732178126612 0.944046 96
1732178126997 1.068894 97
1732178127391 0.116672 98
1732178127778 0.032318 99
1732178128170 0.592558 100
1732178128555 0.174995 101
1732178128938 0.604394 102
1732178129322 0.110157 103
1732178129706 0.2996 104
1732178130105 0.573841 105
1732178130496 0.174363 106
1732178130895 0.622013 107
1732178131279 0.359985 108
1732178131682 0.686782 109
1732178132097 0.30276 110
1732178132485 0.238884 111
1732178132868 0.453859 112
1732178133256 0.370212 113
1732178133646 0.556701 114
1732178134036 -0.093096 115
1732178134424 0.462186 116
1732178134808 -0.05422 117
1732178135198 -0.021192 118
1732178135590 -0.24621 119
1732178135993 0.492106 120
1732178136390 1.049987 121
1732178136776 0.190926 122
1732178137168 0.202964 123
1732178137556 -0.077801 124
1732178137945 0.67578 125
1732178138329 0.387299 126
1732178138717 -0.009089 127
1732178139107 0.825947 128
1732178139491 0.531313 129
1732178139878 0.438156 130
1732178140268 0.001421 131
1732178140654 0.583497 132
1732178141034 -0.214188 133
1732178141415 -0.077331 134
1732178141795 -0.048468 135
1732178142177 0.144772 136
1732178142566 -0.093096 137
1732178142948 0.147725 138
1732178143329 -0.225543 139
1732178143719 0.684653 140
1732178144116 0.532404 141
1732178144509 0.007092 142
1732178144896 0.317176 143
1732178145284 0.323161 144
1732178145667 -0.072131 145
1732178146061 0.635586 146
1732178146452 -0.171782 147
1732178146855 -0.096087 148
1732178147247 -0.225543 149
1732178147634 -0.198449 150
1732178148020 0.727712 151
1732178148406 -0.06795 152
1732178148804 0.190412 153
1732178149191 0.273801 154
1732178149568 -0.0636 155
1732178149955 0.211592 156
1732178150339 0.452254 157
1732178150725 -0.021192 158
1732178151113 0.166037 159
1732178151494 0.190412 160
1732178151878 0.000275 161
1732178152265 0.805136 162
1732178152657 0.8089 163
1732178153041 0.760954 164
1732178153425 0.212405 165
1732178153818 0.133294 166
1732178154218 0.144772 167
1732178154604 -0.05038 168
1732178154995 0.700918 169
1732178155386 0.231598 170
1732178155789 -0.020217 171
1732178156178 0.227774 172
1732178156575 0.549521 173
1732178156966 -0.074239 174
1732178157352 0.291292 175
1732178157747 0.6663 176
1732178158138 0.402043 177
1732178158528 0.548374 178
1732178158917 0.500591 179
1732178159309 0.387987 180
1732178159702 0.583497 181
1732178160094 0.046968 182
1732178160474 -0.147456 183
1732178160863 -0.064854 184
1732178161250 0.286148 185
1732178161635 -0.072131 186
1732178162015 0.149344 187
1732178162398 0.390409 188
1732178162798 0.527794 189
1732178163180 0.315719 190
1732178163566 -0.069098 191
1732178163978 -0.011239 192
1732178164358 -0.043773 193
1732178164770 0.910076 194
1732178165161 0.367026 195
1732178165549 -0.150141 196
1732178165936 0.347507 197
1732178166317 -0.016846 198
1732178166697 0.255747 199
1732178167095 0.123328 200
1732178167488 -0.124652 201
1732178167880 0.634632 202
1732178168268 0.434221 203
1732178168654 -0.171843 204
1732178169039 -0.145865 205
1732178169426 0.389957 206
1732178169820 0.174861 207
1732178170208 0.854366 208
1732178170603 0.775404 209
1732178170992 -0.177905 210
1732178171376 0.492106 211
1732178171756 0.212405 212
1732178172142 -0.05038 213
1732178172527 0.585014 214
1732178172905 -0.276228 215
1732178173292 0.468022 216
1732178173672 0.287089 217
1732178174062 0.443524 218
1732178174446 0.032318 219
1732178174832 0.734682 220
1732178175216 0.581319 221
1732178175598 0.531313 222
1732178175983 -0.058928 223
1732178176367 0.602771 224
1732178176745 -0.20242 225
1732178177132 0.323161 226
1732178177525 0.367225 227
1732178177921 0.658537 228
1732178178310 -0.171782 229
1732178178703 0.585014 230
1732178179092 0.149344 231
1732178179508 0.145059 232
1732178179918 0.734682 233
1732178180302 0.117319 234
1732178180695 0.227774 235
1732178181104 -0.111798 236
1732178181511 0.400426 237
1732178181912 0.42841 238
1732178182314 0.684653 239
1732178182747 0.404686 240
1732178183142 0.682423 241
1732178183566 0.686782 242
1732178183977 0.139549 243
1732178184379 0.517845 244
1732178184802 1.191007 245
1732178185216 0.110157 246
1732178185612 0.474723 247
1732178186021 0.51538 248
1732178186432 0.339074 249
1732178186829 -0.105616 250
1732178187223 0.704743 251
1732178187627 0.616491 252
1732178188035 0.196825 253
1732178188440 -0.124652 254
1732178188853 -0.011239 255
1732178189249 0.8089 256
1732178189651 0.532808 257
1732178190069 0.462186 258
1732178190471 0.824403 259
1732178190880 0.112611 260
1732178191293 0.588272 261
1732178191700 0.902624 262
1732178192102 0.854366 263
1732178192504 0.777509 264
1732178192890 0.112611 265
1732178193280 0.602431 266
1732178193692 0.727712 267
1732178194127 -0.211466 268
1732178194544 0.244617 269
1732178194959 0.685461 270
1732178195378 0.67578 271
1732178195786 0.528637 272
1732178196190 0.840278 273
1732178196612 0.371252 274
1732178197055 -0.124304 275
1732178197466 -0.22699 276
1732178197877 0.567124 277
1732178198269 0.755996 278
1732178198670 -0.093513 279
1732178199067 0.508275 280
1732178199455 0.895889 281
1732178199847 0.602771 282
1732178200239 -0.158097 283
1732178200633 0.887338 284
1732178201034 0.112611 285
1732178201446 0.76825 286
1732178201866 0.437711 287
1732178202268 0.583497 288
1732178202669 -0.182203 289
1732178203096 -0.080233 290
1732178203502 0.046968 291
1732178203896 -0.06795 292
1732178204296 0.887338 293
1732178204686 0.227774 294
1732178205100 -0.16089 295
1732178205499 0.685461 296
1732178205888 0.305852 297
1732178206293 0.709124 298
1732178206693 0.273801 299
1732178207096 0.739354 300
1732178207479 -0.076367 301
1732178207866 0.67578 302
1732178208255 0.614931 303
1732178208650 0.198247 304
1732178209058 0.641304 305
1732178209511 0.159079 306
1732178209953 -0.040766 307
1732178210479 0.639264 308
1732178211294 0.367026 309
1732178211711 0.363108 310
1732178212170 -0.210273 311
1732178212588 0.910076 312
1732178213016 0.693476 313
1732178213439 0.589931 314
1732178213844 0.930842 315
1732178214273 0.198247 316
1732178214689 -0.139183 317
1732178215102 0.755996 318
1732178215507 0.411965 319
1732178215937 0.196825 320
1732178216352 0.535354 321
1732178216761 0.305852 322
1732178217184 0.27026 323
1732178217603 -0.132663 324
1732178218005 0.520885 325
1732178218412 -0.201996 326
1732178218813 -0.077331 327
1732178219210 -0.210273 328
1732178219666 0.525038 329
1732178220104 0.566153 330
1732178220505 0.625609 331
1732178220939 -0.04283 332
1732178221346 0.380559 333
1732178221751 0.001421 334
1732178222163 -0.048468 335
1732178222566 0.406058 336
1732178222972 0.805136 337
1732178223391 0.288168 338
1732178223790 -0.198933 339
1732178224207 0.567124 340
1732178224603 0.658441 341
1732178225008 0.032318 342
1732178225401 0.196825 343
1732178225798 0.437711 344
1732178226217 0.658878 345
1732178226623 0.287089 346
1732178227052 0.722141 347
1732178227485 0.566192 348
1732178227919 -0.036186 349
1732178228374 0.049851 350
1732178228796 0.117319 351
1732178229188 0.390409 352
1732178229608 0.608803 353
1732178229989 0.639264 354
1732178230388 0.486721 355
1732178230778 0.133258 356
1732178231173 -0.162291 357
1732178231571 0.609097 358
1732178231955 0.299256 359
1732178232352 -0.198449 360
1732178232742 0.275958 361
1732178233148 0.312283 362
1732178233546 0.824403 363
1732178233944 1.191007 364
1732178234342 0.690105 365
1732178234731 -0.179492 366
1732178235116 0.311869 367
1732178235504 0.400426 368
1732178235903 -0.191788 369
1732178236297 0.723994 370
1732178236690 0.444414 371
1732178237096 0.563345 372
1732178237488 0.159079 373
1732178237884 0.548374 374
1732178238309 0.639264 375
1732178238737 -0.096087 376
1732178239156 0.452254 377
1732178239541 0.686782 378
1732178239935 0.354639 379
1732178240322 0.228423 380
1732178240727 0.356455 381
1732178241123 0.620926 382
1732178241514 -0.276228 383
1732178241905 0.339051 384
1732178242307 0.604394 385
1732178242701 0.664796 386
1732178243088 0.145274 387
1732178243482 0.147471 388
1732178243875 0.281344 389
1732178244272 0.296945 390
1732178244669 0.639264 391
1732178245066 0.288168 392
1732178245458 -0.162291 393
1732178245843 -0.065341 394
1732178246237 0.765995 395
1732178246622 0.558183 396
1732178247035 -0.124304 397
1732178247436 0.880277 398
1732178247828 0.788122 399
1732178248227 0.744109 400
1732178248618 0.786699 401
1732178249015 -0.201996 402
1732178249395 0.622004 403
1732178249790 0.37008 404
1732178250178 0.153786 405
1732178250561 0.422587 406
1732178250941 0.188825 407
1732178251343 -0.162291 408
1732178251731 0.372789 409
1732178252167 0.498201 410
1732178252561 0.247668 411
1732178252966 0.33314 412
1732178253375 0.347507 413
1732178253776 0.459597 414
1732178254189 -0.212511 415
1732178254611 0.387987 416
1732178255009 0.434798 417
1732178255416 0.806969 418
1732178255826 0.583497 419
1732178256225 0.149344 420
1732178256637 -0.00341 421
1732178257046 0.411736 422
1732178257445 0.511172 423
1732178257846 -0.036186 424
1732178258265 -0.225543 425
1732178258670 -0.132663 426
1732178259073 -0.214188 427
1732178259475 0.589931 428
1732178259870 0.21909 429
1732178260277 -0.120043 430
1732178260667 -0.24302 431
1732178261076 0.275958 432
1732178261472 0.372789 433
1732178261879 0.739354 434
1732178262272 0.339051 435
1732178262668 -0.044218 436
1732178263069 -0.020217 437
1732178263457 1.068894 438
1732178263851 0.777509 439
1732178264238 0.444935 440
1732178264631 0.190926 441
1732178265031 0.511172 442
1732178265448 0.777509 443
1732178265840 0.558183 444
1732178266239 -0.088817 445
1732178266628 -0.105616 446
1732178267023 0.032294 447
1732178267412 0.577395 448
1732178267801 -0.036186 449
1732178268237 0.156179 450
1732178268626 0.166037 451
1732178269020 0.468022 452
1732178269423 0.147725 453
1732178269812 0.008074 454
1732178270211 -0.06875 455
1732178270594 0.57661 456
1732178270989 0.139549 457
1732178271379 0.814816 458
1732178271773 -0.139183 459
1732178272160 -0.080233 460
1732178272589 0.723994 461
1732178272980 0.675525 462
1732178273368 0.282373 463
1732178273769 0.777509 464
1732178274163 -0.147456 465
1732178274550 -0.093513 466
1732178274940 0.625609 467
1732178275340 0.723217 468
1732178275729 0.399432 469
1732178276127 0.437711 470
1732178276525 0.411965 471
1732178276926 0.392133 472
1732178277339 0.514237 473
1732178277739 0.596875 474
1732178278162 -0.021192 475
1732178278570 -0.044218 476
1732178278983 0.6663 477
1732178279374 0.566192 478
1732178279767 -0.036186 479
1732178280166 -0.011239 480
1732178280552 -0.05422 481
1732178280986 0.171569 482
1732178281380 -0.031455 483
1732178281772 0.727712 484
1732178282172 0.453451 485
1732178282565 -0.106651 486
1732178282961 0.766981 487
1732178283353 0.504821 488
1732178283751 -0.085589 489
1732178284159 -0.076367 490
1732178284706 0.081591 491
1732178285129 0.781242 492
1732178285534 0.159079 493
1732178285930 0.227774 494
1732178286339 0.074142 495
1732178286746 0.112611 496
1732178287161 0.273801 497
1732178287567 -0.05422 498
1732178287966 0.422587 499
