1732178088617 0.033318 0
1732178089141 0.779147 1
1732178089552 0.55694 2
1732178089960 0.37144 3
1732178090370 0.874685 4
1732178090781 0.163284 5
1732178091176 0.830646 6
1732178091589 0.270656 7
1732178091990 0.128034 8
1732178092399 0.063903 9
1732178092793 0.600668 10
1732178093181 0.464178 11
1732178093573 0.621168 12
1732178093966 -0.009 13
1732178094371 0.017537 14
1732178094768 1.011186 15
1732178095167 0.761698 16
1732178095570 0.139108 17
1732178095959 0.554238 18
1732178096355 0.227054 19
1732178096755 0.748619 20
1732178097157 0.03297 21
1732178097545 1.105713 22
1732178097929 0.183177 23
1732178098314 0.953837 24
1732178098701 0.342076 25
1732178099082 0.733984 26
1732178099466 0.184514 27
1732178099852 0.119617 28
1732178100238 0.278443 29
1732178100621 -0.096618 30
1732178101001 0.938458 31
1732178101389 0.23635 32
1732178101770 0.682688 33
1732178102149 0.101561 34
1732178102533 -0.044678 35
1732178102914 0.120936 36
1732178103313 0.190104 37
1732178103736 0.278183 38
1732178104151 0.594589 39
1732178104557 0.56098 40
1732178104952 0.287903 41
1732178105338 0.742202 42
1732178105743 0.12522 43
1732178106149 0.779514 44
1732178106541 0.060673 45
1732178106924 0.455809 46
1732178107308 0.56547 47
1732178107702 0.103625 48
1732178108106 0.254318 49
1732178108490 0.137738 50
1732178108879 0.206881 51
1732178109265 0.817807 52
1732178109657 0.237879 53
1732178110047 0.158219 54
1732178110462 0.664838 55
1732178110862 0.159478 56
1732178111276 1.500954 57
1732178111676 0.177747 58
1732178112064 0.851227 59
1732178112453 0.428988 60
1732178112837 0.24868 61
1732178113224 -0.028686 62
1732178113613 1.704816 63
1732178113998 0.321023 64
1732178114389 0.195849 65
1732178114775 0.815684 66
1732178115160 0.970591 67
1732178115552 0.388696 68
1732178115944 0.271343 69
1732178116338 0.061055 70
1732178116736 0.204282 71
1732178117127 0.8018 72
1732178117514 0.180755 73
1732178117914 0.198731 74
1732178118304 0.533224 75
1732178118691 0.139242 76
1732178119092 0.618747 77
1732178119478 0.11388 78
1732178119865 0.205768 79
1732178120269 0.306731 80
1732178120669 0.111308 81
1732178121068 0.334895 82
1732178121460 0.271295 83
1732178121845 0.382259 84
1732178122228 0.269464 85
1732178122606 -0.090626 86
1732178122986 -0.014962 87
1732178123371 0.515715 88
1732178123755 0.90245 89
1732178124140 0.43375 90
1732178124525 0.872153 91
1732178124905 -0.004341 92
1732178125295 0.520837 93
1732178125680 0.239953 94
1732178126069 0.158264 95
1732178126462 0.546461 96
1732178126854 0.167291 97
1732178127243 0.541891 98
1732178127633 0.148474 99
1732178128024 0.426036 100
1732178128411 0.399644 101
1732178128796 0.771789 102
1732178129180 0.275843 103
1732178129562 0.408195 104
1732178129951 0.12607 105
1732178130343 0.142075 106
1732178130748 0.344724 107
1732178131132 0.101641 108
1732178131516 0.527887 109
1732178131948 -0.012811 110
1732178132336 0.587456 111
1732178132721 0.360235 112
1732178133108 0.130203 113
1732178133498 0.216485 114
1732178133892 0.190088 115
1732178134281 0.559674 116
1732178134663 0.433315 117
1732178135049 0.33497 118
1732178135440 0.766251 119
1732178135847 0.232543 120
1732178136240 0.76655 121
1732178136630 0.91368 122
1732178137015 0.611546 123
1732178137410 0.060112 124
1732178137797 0.216435 125
1732178138184 0.025323 126
1732178138571 0.29748 127
1732178138958 0.170142 128
1732178139349 0.031336 129
1732178139735 0.266766 130
1732178140113 0.580617 131
1732178140511 0.654344 132
1732178140889 0.30227 133
1732178141272 0.260051 134
1732178141651 0.082963 135
1732178142033 0.326498 136
1732178142417 0.070335 137
1732178142802 0.450507 138
1732178143187 0.008305 139
1732178143569 0.708509 140
1732178143963 0.636589 141
1732178144357 0.008571 142
1732178144749 -0.258473 143
1732178145138 0.208115 144
1732178145527 0.108032 145
1732178145910 0.854514 146
1732178146302 0.408892 147
1732178146707 0.101843 148
1732178147100 0.182487 149
1732178147483 0.291707 150
1732178147876 0.25981 151
1732178148262 0.841624 152
1732178148657 -0.002497 153
1732178149044 0.703115 154
1732178149429 0.709045 155
1732178149804 0.69193 156
1732178150193 0.915999 157
1732178150582 0.330838 158
1732178150965 0.074725 159
1732178151354 0.652758 160
1732178151729 0.753157 161
1732178152123 0.941807 162
1732178152508 0.218374 163
1732178152897 0.618959 164
1732178153281 0.167483 165
1732178153670 0.229155 166
1732178154068 0.546393 167
1732178154454 1.078412 168
1732178154843 0.173034 169
1732178155241 0.069349 170
1732178155639 0.549623 171
1732178156031 0.069437 172
1732178156425 0.357597 173
1732178156822 0.107002 174
1732178157208 1.06678 175
1732178157599 0.271377 176
1732178157989 0.296724 177
1732178158384 0.451184 178
1732178158776 0.519623 179
1732178159166 0.409348 180
1732178159548 0.156929 181
1732178159947 0.09111 182
1732178160332 0.476536 183
1732178160716 0.221346 184
1732178161103 1.749472 185
1732178161489 0.587869 186
1732178161870 0.580213 187
1732178162253 -0.009527 188
1732178162644 -0.00174 189
1732178163035 0.466714 190
1732178163419 0.08874 191
1732178163830 0.323375 192
1732178164214 0.052171 193
1732178164628 0.275064 194
1732178165013 1.058507 195
1732178165402 0.236812 196
1732178165790 0.650802 197
1732178166172 0.056921 198
1732178166553 0.141747 199
1732178166945 0.348728 200
1732178167338 0.314992 201
1732178167732 0.350939 202
1732178168122 -0.091731 203
1732178168512 0.054536 204
1732178168890 0.838821 205
1732178169281 0.125468 206
1732178169675 0.13463 207
1732178170061 -0.123677 208
1732178170456 0.215458 209
1732178170842 0.069544 210
1732178171235 0.729523 211
1732178171615 0.13921 212
1732178171994 1.425085 213
1732178172383 0.538863 214
1732178172763 -0.002722 215
1732178173148 0.038781 216
1732178173528 0.309645 217
1732178173914 0.221881 218
1732178174303 0.210794 219
1732178174687 0.380048 220
1732178175070 0.841993 221
1732178175453 0.283244 222
1732178175839 -0.108219 223
1732178176222 0.040494 224
1732178176601 0.791691 225
1732178176980 0.894441 226
1732178177376 0.441668 227
1732178177777 0.1022 228
1732178178165 0.208148 229
1732178178556 0.727459 230
1732178178942 0.217242 231
1732178179344 0.904017 232
1732178179776 0.727593 233
1732178180159 0.779953 234
1732178180545 -0.010352 235
1732178180940 0.051853 236
1732178181356 0.026712 237
1732178181755 0.028814 238
1732178182156 -0.021434 239
1732178182592 0.262635 240
1732178182996 0.181845 241
1732178183399 0.863515 242
1732178183830 0.181848 243
1732178184226 0.201917 244
1732178184640 0.924963 245
1732178185057 1.633706 246
1732178185461 0.265642 247
1732178185871 0.557098 248
1732178186285 0.135949 249
1732178186676 0.214794 250
1732178187078 0.11202 251
1732178187473 0.210457 252
1732178187881 0.120369 253
1732178188290 0.060882 254
1732178188696 -0.032349 255
1732178189099 0.333269 256
1732178189498 0.434295 257
1732178189915 0.151146 258
1732178190320 -0.006043 259
1732178190728 0.151067 260
1732178191137 0.694283 261
1732178191549 0.135046 262
1732178191946 0.585866 263
1732178192353 0.114809 264
1732178192746 0.246352 265
1732178193133 0.757084 266
1732178193544 0.110533 267
1732178193942 0.275378 268
1732178194389 0.326867 269
1732178194805 0.404187 270
1732178195208 0.237322 271
1732178195634 0.87251 272
1732178196039 -0.002623 273
1732178196441 0.191426 274
1732178196896 0.226775 275
1732178197311 0.947542 276
1732178197719 -0.018111 277
1732178198125 0.034984 278
1732178198522 0.41663 279
1732178198914 0.248388 280
1732178199309 1.210499 281
1732178199702 0.859911 282
1732178200093 0.878696 283
1732178200482 1.267937 284
1732178200875 1.255694 285
1732178201296 0.326567 286
1732178201705 0.917007 287
1732178202116 0.312408 288
1732178202519 0.03581 289
1732178202916 0.23531 290
1732178203347 0.117109 291
1732178203744 0.636493 292
1732178204149 0.219449 293
1732178204537 0.398476 294
1732178204947 1.659619 295
1732178205353 0.594028 296
1732178205739 0.356523 297
1732178206136 0.151674 298
1732178206540 0.461878 299
1732178206934 0.241172 300
1732178207333 0.620024 301
1732178207716 0.253556 302
1732178208106 0.208195 303
1732178208501 0.119465 304
1732178208909 0.632763 305
1732178209311 0.314724 306
1732178209793 0.602966 307
1732178210203 0.262748 308
1732178210998 0.268085 309
1732178211556 0.145673 310
1732178212007 -0.011295 311
1732178212432 0.918089 312
1732178212854 0.356401 313
1732178213277 0.236049 314
1732178213690 0.334003 315
1732178214110 0.271223 316
1732178214532 0.9009 317
1732178214944 0.16325 318
1732178215355 0.128171 319
1732178215774 -0.102439 320
1732178216196 0.11611 321
1732178216600 0.094881 322
1732178217039 0.231425 323
1732178217441 1.550496 324
1732178217854 0.15402 325
1732178218253 0.473201 326
1732178218660 0.071525 327
1732178219058 0.767046 328
1732178219501 0.575062 329
1732178219921 -0.045732 330
1732178220350 -0.073478 331
1732178220768 0.499516 332
1732178221195 0.074548 333
1732178221599 0.326255 334
1732178222001 0.417689 335
1732178222409 0.219681 336
1732178222803 0.886063 337
1732178223230 0.156359 338
1732178223644 0.601746 339
1732178224049 0.657569 340
1732178224454 0.389133 341
1732178224853 0.539667 342
1732178225256 0.299196 343
1732178225647 0.610262 344
1732178226063 0.698854 345
1732178226469 0.497574 346
1732178226887 0.828899 347
1732178227314 0.059466 348
1732178227757 0.63557 349
1732178228200 0.729082 350
1732178228640 0.715295 351
1732178229048 0.250064 352
1732178229455 0.322185 353
1732178229847 0.129468 354
1732178230228 0.149018 355
1732178230639 0.289311 356
1732178231018 0.110866 357
1732178231425 0.135944 358
1732178231808 0.605352 359
1732178232196 -0.133221 360
1732178232592 -0.018503 361
1732178232994 0.323582 362
1732178233399 0.207975 363
1732178233795 0.152731 364
1732178234192 0.44439 365
1732178234589 0.240896 366
1732178234976 0.718868 367
1732178235356 0.867664 368
1732178235751 0.844138 369
1732178236148 0.21693 370
1732178236540 0.008867 371
1732178236938 0.757587 372
1732178237332 0.155543 373
1732178237728 0.125623 374
1732178238139 0.916699 375
1732178238573 0.09738 376
1732178238984 0.527747 377
1732178239397 -0.031196 378
1732178239781 0.713106 379
1732178240175 0.06632 380
1732178240580 0.028097 381
1732178240963 0.601499 382
1732178241369 0.351724 383
1732178241760 0.067677 384
1732178242154 0.084692 385
1732178242554 0.060185 386
1732178242942 0.24822 387
1732178243337 -0.064222 388
1732178243724 0.716771 389
1732178244129 0.460871 390
1732178244516 0.178789 391
1732178244914 0.042801 392
1732178245312 0.437947 393
1732178245692 -0.016261 394
1732178246090 0.081715 395
1732178246475 0.153254 396
1732178246874 0.551914 397
1732178247281 0.075811 398
1732178247683 0.674644 399
1732178248072 0.389363 400
1732178248475 0.708256 401
1732178248867 0.080028 402
1732178249255 1.330196 403
1732178249642 0.689416 404
1732178250033 0.900096 405
1732178250422 0.448497 406
1732178250797 0.69095 407
1732178251191 1.082295 408
1732178251582 0.248866 409
1732178252000 0.214913 410
1732178252417 0.875033 411
1732178252806 0.199721 412
1732178253226 0.480449 413
1732178253623 0.162134 414
1732178254025 0.204752 415
1732178254439 0.179065 416
1732178254856 0.203153 417
1732178255261 0.622318 418
1732178255665 0.930096 419
1732178256079 0.383571 420
1732178256478 0.231243 421
1732178256894 0.315879 422
1732178257290 0.977493 423
1732178257700 1.040003 424
1732178258107 0.992614 425
1732178258519 0.533308 426
1732178258924 0.673787 427
1732178259323 0.034314 428
1732178259722 0.775685 429
1732178260126 0.326756 430
1732178260524 0.305053 431
1732178260909 0.035208 432
1732178261318 0.641796 433
1732178261721 0.991121 434
1732178262125 -0.097127 435
1732178262521 0.155894 436
1732178262919 0.629767 437
1732178263310 -0.183385 438
1732178263707 0.837478 439
1732178264095 0.508572 440
1732178264481 0.686726 441
1732178264881 -0.016216 442
1732178265288 0.809883 443
1732178265691 0.26007 444
1732178266086 0.190801 445
1732178266480 0.081281 446
1732178266877 0.296968 447
1732178267268 0.89709 448
1732178267655 0.105612 449
1732178268053 0.129472 450
1732178268480 0.21991 451
1732178268870 1.12984 452
1732178269276 0.294938 453
1732178269668 0.547423 454
1732178270064 0.908147 455
1732178270453 0.035199 456
1732178270840 0.124453 457
1732178271232 -0.05133 458
1732178271625 0.240917 459
1732178272016 0.06306 460
1732178272440 0.456304 461
1732178272830 0.069341 462
1732178273223 0.511705 463
1732178273617 0.227445 464
1732178274015 0.728638 465
1732178274401 0.363457 466
1732178274798 0.137755 467
1732178275190 1.040807 468
1732178275584 0.918324 469
1732178275977 0.154412 470
1732178276370 0.00732 471
1732178276775 0.201527 472
1732178277179 0.785267 473
1732178277591 0.179712 474
1732178278001 0.055867 475
1732178278413 0.992995 476
1732178278813 0.145296 477
1732178279225 0.71051 478
1732178279624 0.112846 479
1732178280014 1.257973 480
1732178280407 0.861284 481
1732178280840 0.753065 482
1732178281232 0.26731 483
1732178281625 0.094033 484
1732178282021 0.303998 485
1732178282409 0.59739 486
1732178282817 0.509107 487
1732178283202 0.715248 488
1732178283603 -0.010324 489
1732178284003 0.214833 490
1732178284561 0.310778 491
1732178284956 0.397063 492
1732178285379 0.683764 493
1732178285779 0.118915 494
1732178286185 0.973933 495
1732178286596 0.618158 496
1732178287001 0.766611 497
1732178287405 0.744176 498
1732178287807 0.166577 499
