1730719586130 53.381268 3
1730719586774 47.229515 7
1730719587574 -16.153347 11
1730719588225 48.512589 15
1730719588999 48.41991 19
1730719589701 228.82988 23
1730719590474 -16.396744 27
1730719591180 115.666222 31
1730719591922 266.095612 35
1730719592579 233.027863 39
1730719593420 160.330231 43
1730719594132 266.095032 47
1730719598285 53.194836 51
1730719598990 25.503046 55
1730719599647 52.947868 59
1730719600341 147.018051 63
1730719601099 80.963112 67
1730719601775 29.118059 71
1730719602511 163.343475 75
1730719603198 88.434448 79
1730719603934 48.342052 83
1730719604583 29.018364 87
1730719605299 170.782974 91
1730719605969 127.265366 95
1730719606703 222.474152 99
1730719607443 19.518768 103
1730719608125 -21.942177 107
1730719608894 2.708631 111
1730719609727 114.285408 115
1730719610430 12.211636 119
1730719611225 194.551819 123
1730719611938 -17.751768 127
1730719612655 42.778019 131
1730719613349 88.178993 135
1730719614172 31.86693 139
1730719614862 -10.027745 143
1730719615616 12.146675 147
1730719616405 14.327505 151
1730719617215 145.456985 155
1730719617890 30.171587 159
1730719618624 32.5453 163
1730719619275 -8.388477 167
1730719620186 129.873123 171
1730719621127 -62.393936 175
1730719622054 81.817856 179
1730719622835 169.022583 183
1730719623772 88.435745 187
1730719624435 37.540977 191
1730719625285 97.43528 195
1730719626152 36.433693 199
1730719626955 51.217968 203
1730719627686 117.330261 207
1730719628517 236.952209 211
1730719629367 48.356136 215
1730719630262 29.881237 219
1730719630941 179.826935 223
1730719631753 149.996567 227
1730719632559 12.798857 231
1730719633426 8.817016 235
1730719634173 135.246002 239
1730719634990 162.651291 243
1730719635826 -48.16996 247
1730719636628 40.333797 251
1730719637303 215.658752 255
1730719638085 -5.40037 259
1730719638949 60.453815 263
1730719639775 -44.463863 267
1730719640535 25.215963 271
1730719641334 93.982246 275
1730719642119 62.596855 279
1730719642944 122.059135 283
1730719643822 135.243866 287
1730719644676 163.915604 291
1730719645451 115.250168 295
1730719646225 7.395101 299
1730719647000 -28.09413 303
1730719647815 95.732727 307
1730719648546 53.193615 311
1730719649342 -40.112644 315
1730719650107 14.934698 319
1730719650896 235.830185 323
1730719651648 27.922417 327
1730719652551 49.655724 331
1730719653301 -6.753234 335
1730719654129 16.765287 339
1730719654961 136.70108 343
1730719655773 105.424278 347
1730719656590 12.798125 351
1730719657374 32.752228 355
1730719658262 277.299957 359
1730719659041 113.755653 363
1730719659761 41.494522 367
1730719660644 67.870461 371
1730719661437 92.15007 375
1730719662168 20.775501 379
1730719662964 4.529258 383
1730719663801 -7.157852 387
1730719664618 -68.005066 391
1730719665525 47.887287 395
1730719666257 95.026108 399
1730719666974 72.927887 403
1730719667668 20.774908 407
1730719668426 117.414742 411
1730719669196 44.74913 415
1730719670022 17.631865 419
1730719670741 46.376411 423
1730719671568 63.705246 427
1730719672394 82.696243 431
1730719673255 33.638771 435
1730719673971 103.308815 439
1730719674795 55.870644 443
1730719675581 25.97291 447
1730719676537 144.484604 451
1730719677351 12.798372 455
1730719678185 22.991123 459
1730719678970 45.246387 463
1730719679800 30.17255 467
1730719680490 40.912567 471
1730719681333 149.99733 475
1730719682127 67.446815 479
1730719683010 235.830322 483
1730719683804 188.80838 487
1730719684708 45.284416 491
1730719685483 1.359546 495
1730719686322 24.778105 499
