1730803469334 127.324059 31
1730803473710 -4.858821 63
1730803478482 101.41259 95
1730803483039 -54.673477 127
1730803487437 54.438972 159
1730803492062 195.258911 191
1730803496609 116.219536 223
1730803501089 -5.490643 255
1730803505770 97.95681 287
1730803510268 38.444897 319
1730803514902 75.939636 351
1730803519336 183.108765 383
1730803523897 -21.119825 415
1730803528363 -117.574455 447
1730803532765 -7.629797 479
1730803537276 26.764372 511
1730803541883 54.990791 543
1730803546474 26.555759 575
1730803551066 130.933472 607
1730803555444 196.118942 639
1730803560058 82.201164 671
1730803564515 40.894207 703
1730803569091 300.265106 735
1730803573503 156.251907 767
1730803577982 31.078827 799
1730803582434 -13.245101 831
1730803586962 10.05492 863
1730803591378 245.195679 895
1730803596080 182.67749 927
1730803600901 51.796772 959
1730803605437 151.332932 991
