1732189125367 0.052811 0
1732189126613 -0.10062 1
1732189127520 0.019508 2
1732189128397 0.153013 3
1732189129261 -0.034441 4
1732189130040 -0.065822 5
1732189130832 -0.040533 6
1732189131605 0.045918 7
1732189132423 -0.311312 8
1732189133208 -0.109725 9
1732189134026 0.095408 10
1732189134896 -0.036757 11
1732189135660 -0.280437 12
1732189136422 0.34437 13
1732189137224 -0.071285 14
1732189138066 0.021041 15
1732189138903 0.047647 16
1732189139774 -0.15151 17
1732189140611 0.083743 18
1732189141585 -0.384372 19
1732189142402 -0.136671 20
1732189143199 -0.199118 21
1732189144045 0.013107 22
1732189144966 0.004365 23
1732189145791 0.271853 24
1732189146636 0.165102 25
1732189147470 0.267736 26
1732189148258 0.187934 27
1732189149145 -0.100597 28
