1731995023849 -0.058928 7
1731995027426 0.786699 15
1731995031475 0.032294 23
1731995034961 -0.011239 31
1731995038889 -0.231695 39
1731995041921 0.82542 47
1731995044284 0.291292 55
1731995047109 0.215384 63
1731995050306 0.854366 71
1731995053357 0.539176 79
1731995056630 0.437711 87
1731995059555 -0.044044 95
1731995062557 0.302174 103
1731995065093 0.658878 111
1731995067576 -0.162291 119
1731995070107 0.317175 127
1731995072460 0.101208 135
1731995074615 0.744109 143
1731995077388 0.825947 151
1731995079726 -0.214188 159
1731995082494 0.387299 167
1731995084709 -0.24621 175
1731995087252 0.582869 183
1731995089359 -0.080233 191
1731995091684 -0.139183 199
1731995094242 1.119551 207
1731995096307 0.313266 215
1731995098468 0.765995 223
1731995100575 0.422587 231
1731995102724 0.046968 239
1731995105063 -0.212511 247
1731995107338 -0.080233 255
1731995109683 -0.198449 263
1731995111940 0.588272 271
1731995114151 0.755996 279
1731995116279 -0.088817 287
1731995118508 0.282373 295
1731995120908 0.76825 303
1731995123126 0.573841 311
1731995125537 0.094557 319
1731995127662 0.40431 327
1731995129728 0.296945 335
1731995131828 -0.179492 343
1731995134062 -0.179492 351
1731995136220 -0.074562 359
1731995138314 0.786216 367
1731995140328 0.609097 375
1731995142424 0.212405 383
1731995144773 0.722141 391
1731995146886 0.439655 399
1731995148847 0.36561 407
1731995150765 0.604394 415
1731995153083 0.457572 423
1731995155243 0.563345 431
1731995157283 0.37008 439
1731995159291 0.145626 447
1731995161253 0.786216 455
1731995163324 0.032294 463
1731995165417 0.252893 471
1731995167756 0.596275 479
1731995170008 0.503205 487
1731995172094 0.51538 495
1731995174514 0.553514 503
1731995176767 0.411736 511
1731995178829 0.631924 519
1731995181009 0.275958 527
1731995183088 -0.214188 535
1731995185082 0.761118 543
1731995187196 -0.179492 551
1731995189432 -0.276228 559
1731995191683 0.682706 567
1731995193777 0.880277 575
1731995195959 0.384908 583
1731995198016 -0.04283 591
1731995200243 -0.04283 599
1731995202291 0.211592 607
1731995204538 0.281344 615
1731995206727 0.696653 623
1731995208875 0.353858 631
1731995211103 -0.20712 639
1731995213148 0.873433 647
1731995215350 -0.099176 655
1731995217437 0.641304 663
1731995219498 -0.072131 671
1731995221560 0.563345 679
1731995223640 -0.009089 687
1731995225729 0.504821 695
1731995227894 0.243261 703
1731995229986 0.722141 711
1731995232274 0.420292 719
1731995234527 0.581319 727
1731995236577 0.443524 735
1731995238642 0.608803 743
1731995240858 0.385404 751
1731995243061 1.13955 759
1731995245198 0.608803 767
1731995247313 0.296101 775
1731995249424 0.675628 783
1731995251537 -0.074562 791
1731995253671 0.367559 799
1731995255690 1.13955 807
1731995257767 0.21909 815
1731995259986 0.21909 823
1731995262155 0.777509 831
1731995264276 0.147 839
1731995266298 0.453859 847
1731995268365 -0.044218 855
1731995270603 -0.00341 863
1731995272633 0.629074 871
1731995274775 0.233217 879
1731995277025 0.802843 887
1731995279105 0.765995 895
1731995281156 0.718108 903
1731995283259 0.511172 911
1731995285401 0.081591 919
1731995287412 0.387299 927
1731995289609 1.14685 935
1731995291761 -0.077331 943
1731995293903 0.323161 951
1731995295859 -0.120043 959
1731995297912 0.718108 967
1731995299965 0.28767 975
1731995301995 0.658878 983
1731995304056 0.422587 991
1731995306154 0.793716 999
