1730717039379 166.316864 7
1730717040516 85.737839 15
1730717041550 79.558601 23
1730717042577 45.636585 31
1730717043655 -27.030434 39
1730717044715 -7.711353 47
1730717045788 259.322327 55
1730717046828 25.121838 63
1730717047888 -0.131213 71
1730717048931 219.494217 79
1730717050009 1.119226 87
1730717051105 268.755035 95
1730717052131 28.249201 103
1730717053257 150.064835 111
1730717054273 1.917259 119
1730717055292 10.376835 127
1730717056300 213.933365 135
1730717057337 247.882233 143
1730717058357 4.378678 151
1730717059406 -82.088692 159
1730717060589 122.33754 167
1730717061672 228.791061 175
1730717062707 183.006287 183
1730717063749 77.605423 191
1730717064747 64.846245 199
1730717065780 141.587311 207
1730717066918 258.656403 215
1730717068081 2.445077 223
1730717069096 28.902548 231
1730717070102 48.979912 239
1730717071153 2.444172 247
1730717072225 31.928705 255
1730717073280 59.774815 263
1730717074304 233.026886 271
1730717075358 13.354495 279
1730717076386 247.737656 287
1730717077414 48.661083 295
1730717078533 187.579803 303
1730717079572 -17.677977 311
1730717080590 47.100494 319
1730717081577 151.984772 327
1730717082631 116.983925 335
1730717083600 124.375412 343
1730717084689 120.5672 351
1730717085782 -10.026925 359
1730717086881 -27.143217 367
1730717087926 200.229691 375
1730717088978 25.697727 383
1730717090104 46.08543 391
1730717091189 -44.4547 399
1730717092230 289.136139 407
1730717093296 206.209457 415
1730717094348 -4.863636 423
1730717095433 216.01947 431
1730717096553 127.268471 439
1730717097613 131.811905 447
1730717098618 131.439957 455
1730717099643 44.905445 463
1730717100758 3.216118 471
1730717101831 47.402222 479
1730717102921 20.179705 487
1730717103936 83.748405 495
