1732257648653 -0.17023 0
1732257649177 0.185649 1
1732257649595 0.015495 2
1732257650010 0.293144 3
1732257650402 0.141533 4
1732257650785 0.021291 5
1732257651164 -0.022368 6
1732257651560 0.092182 7
1732257651951 -0.17501 8
1732257652321 -0.083672 9
1732257652698 0.100538 10
1732257653098 0.132009 11
1732257653504 -0.117819 12
1732257653889 0.081066 13
1732257654275 -0.112969 14
1732257654658 -0.274968 15
1732257655057 -0.01559 16
1732257655459 0.263703 17
1732257655851 0.016264 18
1732257656240 0.3918 19
1732257656631 0.075418 20
1732257657011 -0.090412 21
1732257657402 0.108758 22
1732257657807 0.146052 23
1732257658206 -0.136369 24
1732257658593 0.004499 25
1732257658986 0.030599 26
1732257659387 -0.01497 27
1732257659785 -0.020391 28
1732257660183 -0.103923 29
1732257660578 -0.067755 30
1732257660967 -0.01507 31
1732257661359 0.016508 32
1732257661756 -0.060707 33
1732257662147 0.185556 34
1732257662551 0.112976 35
1732257662945 -0.070163 36
1732257663333 -0.169352 37
1732257663726 0.008819 38
1732257664123 -0.286136 39
1732257664513 -0.081327 40
1732257664899 0.390959 41
1732257665283 0.089791 42
1732257665694 0.09351 43
1732257666092 0.0448 44
1732257666484 -0.120524 45
1732257666897 -0.321023 46
1732257667292 -0.033588 47
1732257667681 -0.096872 48
1732257668075 0.111866 49
1732257668465 -0.118001 50
1732257668850 -0.08414 51
1732257669245 0.286404 52
1732257669630 0.156403 53
1732257670019 -0.183801 54
1732257670404 0.168434 55
1732257670792 -0.003812 56
1732257671186 0.049367 57
1732257671565 0.144802 58
1732257671963 -0.002857 59
1732257672359 -0.119387 60
1732257672782 0.131501 61
1732257673240 0.093815 62
1732257673620 0.219653 63
1732257674011 0.023181 64
1732257674405 -0.338508 65
1732257674789 -0.223459 66
1732257675179 -0.140579 67
1732257675577 0.034192 68
1732257675986 -0.298359 69
1732257676400 0.123455 70
1732257676809 -0.067672 71
1732257677209 -0.050249 72
1732257677601 -0.188333 73
1732257677987 0.095786 74
1732257678382 0.163285 75
1732257678780 0.075528 76
1732257679187 -0.060027 77
1732257679594 0.022013 78
1732257680012 -0.217951 79
1732257680443 -0.0193 80
1732257680855 0.064881 81
1732257681263 0.200667 82
1732257681652 0.188686 83
1732257682067 0.319613 84
1732257682482 -0.073026 85
1732257682901 0.178812 86
1732257683305 -0.384299 87
1732257683722 -0.013725 88
1732257684113 -0.293272 89
1732257684508 0.138071 90
1732257684902 0.005555 91
1732257685294 -0.006951 92
1732257685722 0.037439 93
1732257686121 -0.250616 94
1732257686505 -0.018607 95
1732257686896 0.070023 96
1732257687279 -0.153883 97
1732257687667 -0.113117 98
1732257688052 0.076108 99
1732257688455 0.391837 100
1732257688847 0.163237 101
1732257689227 0.158545 102
1732257689604 0.217766 103
1732257689985 -0.065501 104
1732257690371 0.157088 105
1732257690750 -0.046588 106
1732257691122 0.210565 107
1732257691511 0.081093 108
1732257691885 0.050835 109
1732257692256 -0.19103 110
1732257692626 -0.034335 111
1732257692990 -0.018918 112
1732257693361 -0.231849 113
1732257693762 -0.069966 114
1732257694143 -0.118189 115
1732257694520 0.05499 116
1732257694896 -0.238215 117
1732257695280 0.072705 118
1732257695659 -0.149134 119
1732257696037 -0.068121 120
1732257696411 -0.098935 121
1732257696785 -0.120062 122
1732257697154 0.233335 123
1732257697537 -0.175812 124
1732257697921 0.256231 125
1732257698299 0.194776 126
1732257698685 0.114067 127
1732257699062 0.064855 128
1732257699447 -0.162572 129
1732257699826 0.051973 130
1732257700205 0.075326 131
1732257700591 0.14404 132
1732257700969 0.131467 133
1732257701336 -0.173886 134
1732257701712 -0.208571 135
1732257702087 -0.197661 136
1732257702474 -0.131553 137
1732257702884 -0.146189 138
1732257703266 0.046438 139
1732257703641 -0.189471 140
1732257704024 0.055643 141
1732257704409 0.006603 142
1732257704786 0.058806 143
1732257705161 0.022014 144
1732257705542 0.158695 145
1732257705924 -0.154937 146
1732257706314 -0.007793 147
1732257706695 -0.091911 148
1732257707082 0.446478 149
1732257707466 -0.067474 150
1732257707851 0.106343 151
1732257708237 0.093399 152
1732257708616 -0.049296 153
1732257708997 -0.154893 154
1732257709384 0.032353 155
1732257709782 0.218443 156
1732257710164 -0.036684 157
1732257710549 -0.282865 158
1732257710946 -0.102773 159
1732257711341 -0.163017 160
1732257711729 0.032059 161
1732257712113 0.118507 162
1732257712497 0.142878 163
1732257712876 0.008744 164
1732257713250 -0.108345 165
1732257713633 -0.026713 166
1732257714016 0.134035 167
1732257714404 -0.115075 168
1732257714792 0.122148 169
1732257715188 -0.238822 170
1732257715572 -0.138435 171
1732257715970 0.047397 172
1732257716387 0.059172 173
1732257716777 -0.108009 174
1732257717164 0.013811 175
1732257717553 -0.123203 176
1732257717949 -0.029458 177
1732257718330 0.098258 178
1732257718721 0.067407 179
1732257719105 0.167041 180
1732257719487 0.005135 181
1732257719861 -0.006219 182
1732257720249 -0.002054 183
1732257720640 0.164246 184
1732257721043 -0.217548 185
1732257721442 -0.055574 186
1732257721855 -0.216763 187
1732257722234 -0.085677 188
1732257722611 0.018554 189
1732257723000 -0.087958 190
1732257723375 -0.072678 191
1732257723751 -0.160994 192
1732257724130 0.081199 193
1732257724510 -0.326725 194
1732257724892 -0.074063 195
1732257725284 -0.070469 196
1732257725662 0.075496 197
1732257726032 0.022888 198
1732257726402 0.12171 199
1732257726779 -0.038587 200
1732257727158 -0.000611 201
1732257727527 0.016491 202
1732257727900 -0.004227 203
1732257728273 0.123227 204
1732257728646 0.091123 205
1732257729033 0.060955 206
1732257729404 -0.012637 207
1732257729781 -0.40453 208
1732257730161 0.133077 209
1732257730530 0.338902 210
1732257730904 0.166064 211
1732257731279 0.518508 212
1732257731651 -0.114594 213
1732257732026 -0.021867 214
1732257732397 0.125135 215
1732257732768 -0.071866 216
1732257733144 0.120939 217
1732257733521 0.025218 218
1732257733893 0.017889 219
1732257734269 -0.147977 220
1732257734650 -0.047321 221
1732257735023 -0.041742 222
1732257735398 -0.156292 223
1732257735771 0.112451 224
1732257736143 -0.22455 225
1732257736517 -0.0195 226
1732257736895 0.143913 227
1732257737280 -0.128719 228
1732257737650 -0.143112 229
1732257738025 -0.20785 230
1732257738411 -0.091869 231
1732257738785 -0.269247 232
1732257739161 -0.288395 233
1732257739552 -0.068044 234
1732257739932 -0.032391 235
1732257740314 -0.190867 236
1732257740686 -0.034967 237
1732257741063 0.31052 238
1732257741441 -0.633669 239
1732257741827 -0.058569 240
1732257742206 -0.055219 241
1732257742578 -0.116644 242
1732257742958 -0.125341 243
1732257743332 0.032907 244
1732257743713 -0.200494 245
1732257744091 0.060834 246
1732257744471 0.040744 247
1732257744851 -0.022495 248
1732257745230 -0.302983 249
1732257745609 -0.202466 250
1732257745987 -0.092101 251
1732257746372 -0.31917 252
1732257746743 0.115408 253
1732257747126 -0.028662 254
1732257747525 -0.130312 255
1732257747928 -0.00221 256
1732257748310 -0.149864 257
1732257748726 0.121705 258
1732257749139 0.026104 259
1732257749538 -0.003484 260
1732257749924 -0.148041 261
1732257750338 0.007062 262
1732257750740 -0.280249 263
1732257751147 0.005293 264
1732257751553 -0.013195 265
1732257751950 0.01798 266
1732257752343 -0.142867 267
1732257752761 -0.396504 268
1732257753160 0.188027 269
1732257753562 0.097565 270
1732257753965 0.058842 271
1732257754369 -0.019923 272
1732257754749 -0.020283 273
1732257755144 -0.319275 274
1732257755561 0.16064 275
1732257755971 0.055468 276
1732257756357 0.175403 277
1732257756753 0.021416 278
1732257757160 -0.203103 279
1732257757553 0.041007 280
1732257757954 0.37541 281
1732257758332 0.054763 282
1732257758762 0.110791 283
1732257759172 -0.048675 284
1732257759551 0.238456 285
1732257759933 -0.044463 286
1732257760334 0.042515 287
1732257760750 -0.053784 288
1732257761147 -0.138455 289
1732257761533 0.108821 290
1732257761931 -0.009902 291
1732257762325 0.087411 292
1732257762718 0.129203 293
1732257763131 0.142375 294
1732257763529 0.198917 295
1732257763910 0.088646 296
1732257764292 -0.027003 297
1732257764675 0.15399 298
1732257765069 -0.099924 299
1732257765458 0.163624 300
1732257765840 0.175571 301
1732257766231 0.011542 302
1732257766605 -0.006797 303
1732257766989 -0.08806 304
1732257767369 -0.257059 305
1732257767756 0.155048 306
1732257768164 -0.229267 307
1732257768551 0.057032 308
1732257768944 0.024802 309
1732257769336 0.021263 310
1732257769766 -0.350555 311
1732257770168 -0.260278 312
1732257770550 -0.052532 313
1732257770940 -0.134573 314
1732257771353 -0.068308 315
1732257771745 0.114428 316
1732257772132 -0.00962 317
1732257772507 -0.131592 318
1732257772886 0.125554 319
1732257773294 -0.157294 320
1732257773705 0.074586 321
1732257774096 -0.28858 322
1732257774528 -0.132356 323
1732257774910 -0.067445 324
1732257775295 -0.02329 325
1732257775687 -0.164682 326
1732257776088 0.290621 327
1732257776472 -0.496383 328
1732257776850 -0.074984 329
1732257777223 -0.052855 330
1732257777606 -0.326728 331
1732257777984 0.044844 332
1732257778374 0.021857 333
1732257778765 -0.004688 334
1732257779152 -0.028388 335
1732257779547 0.07613 336
1732257779961 0.123394 337
1732257780361 0.24121 338
1732257780783 -0.079092 339
1732257781183 0.004447 340
1732257781579 -0.290434 341
1732257781977 -0.052109 342
1732257782368 -0.109569 343
1732257782755 -0.140307 344
1732257783136 -0.050331 345
1732257783515 0.120662 346
1732257783897 -0.017824 347
1732257784283 0.063116 348
1732257784666 0.049283 349
1732257785047 -0.181423 350
1732257785421 -0.042568 351
1732257785793 0.051604 352
1732257786168 -0.07875 353
1732257786550 -0.059691 354
1732257786926 0.141575 355
1732257787304 -0.057935 356
1732257787683 0.046239 357
1732257788071 -0.245158 358
1732257788443 -0.028799 359
1732257788814 -0.0163 360
1732257789190 -0.12632 361
1732257789569 0.161031 362
1732257789960 0.063733 363
1732257790339 0.273965 364
1732257790733 0.193115 365
1732257791110 -0.322465 366
1732257791483 -0.183324 367
1732257791864 -0.10605 368
1732257792246 0.06445 369
1732257792626 -0.001518 370
1732257793010 -0.144735 371
1732257793403 0.034212 372
1732257793806 -0.317717 373
1732257794199 -0.046066 374
1732257794597 -0.20293 375
1732257794988 -0.081356 376
1732257795389 -0.007594 377
1732257795786 0.036608 378
1732257796174 -0.104881 379
1732257796554 0.00246 380
1732257796941 0.077025 381
1732257797338 -0.180108 382
1732257797721 0.119538 383
1732257798109 -0.193083 384
1732257798495 -0.149558 385
1732257798882 0.341408 386
1732257799270 0.052693 387
1732257799655 -0.315928 388
1732257800038 -0.180813 389
1732257800419 -0.419184 390
1732257800802 0.180826 391
1732257801200 0.240339 392
1732257801582 -0.155095 393
1732257801971 -0.010894 394
1732257802362 0.270239 395
1732257802748 -0.278769 396
1732257803132 0.001999 397
1732257803521 0.156736 398
1732257803907 0.095978 399
1732257804304 -0.026747 400
1732257804694 0.143461 401
1732257805079 -0.115362 402
1732257805479 0.052846 403
1732257805857 -0.159806 404
1732257806260 0.00504 405
1732257806653 0.004156 406
1732257807060 0.094647 407
1732257807447 0.034682 408
1732257807845 -0.017561 409
1732257808250 0.134074 410
1732257808646 0.164379 411
1732257809048 -0.035552 412
1732257809451 0.342668 413
1732257809849 -0.065122 414
1732257810242 -0.019278 415
1732257810608 -0.258671 416
1732257810983 -0.135554 417
1732257811357 -0.060971 418
1732257811731 0.022171 419
1732257812109 -0.015223 420
1732257812473 -0.095737 421
1732257812838 -0.053316 422
1732257813209 -0.157306 423
1732257813579 0.208054 424
1732257813940 0.062919 425
1732257814302 -0.092877 426
1732257814665 0.090879 427
1732257815036 -0.14818 428
1732257815415 0.311016 429
1732257815775 0.096564 430
1732257816145 -0.648737 431
1732257816507 0.086482 432
1732257816875 -0.08234 433
1732257817240 0.239 434
1732257817606 -0.394792 435
1732257817975 0.09541 436
1732257818340 0.135249 437
1732257818715 0.13254 438
1732257819080 -0.017475 439
1732257819449 -0.067483 440
1732257819813 0.131342 441
1732257820180 -0.030728 442
1732257820555 -0.04426 443
1732257820921 -0.41563 444
1732257821282 -0.091278 445
1732257821662 0.01976 446
1732257822026 -0.018223 447
1732257822399 -0.162756 448
1732257822836 0.218341 449
1732257823270 0.183318 450
1732257823642 -0.064277 451
1732257824011 0.054362 452
1732257824376 0.068695 453
1732257824741 -0.173914 454
1732257825109 -0.049894 455
1732257825487 -0.116209 456
1732257825884 0.376564 457
1732257826281 -0.018465 458
1732257826665 0.074202 459
1732257827040 0.017294 460
1732257827423 -0.020653 461
1732257827778 0.193601 462
1732257828163 -0.022959 463
1732257828570 -0.083755 464
1732257828941 0.242766 465
1732257829334 0.17636 466
1732257829719 -0.015712 467
1732257830105 -0.166419 468
1732257830477 0.034623 469
1732257830853 -0.060958 470
1732257831242 0.006643 471
1732257831622 0.082572 472
1732257832012 0.180136 473
1732257832382 0.126756 474
1732257832772 -0.023943 475
1732257833157 -0.128499 476
1732257833544 0.010585 477
1732257833928 -0.352598 478
1732257834305 -0.089618 479
1732257834682 -0.038593 480
1732257835065 -0.100225 481
1732257835459 0.245123 482
1732257835835 -0.121004 483
1732257836208 0.050236 484
1732257836592 0.115541 485
1732257836978 -0.118122 486
1732257837356 -0.307432 487
1732257837736 0.070532 488
1732257838115 -0.014379 489
1732257838492 -0.089364 490
1732257838977 0.504444 491
1732257839409 0.494518 492
1732257839869 0.357979 493
1732257840291 0.11364 494
1732257840662 -0.100524 495
1732257841036 0.119527 496
1732257841410 0.452015 497
1732257841787 -0.289411 498
1732257842166 0.049828 499
1732257842543 0.049985 500
1732257842923 -0.137806 501
1732257843318 0.051792 502
1732257843802 -0.052429 503
1732257844182 -0.363893 504
1732257844568 -0.123374 505
1732257844940 0.335077 506
1732257845312 -0.114536 507
1732257845678 0.106174 508
1732257846059 -0.086346 509
1732257846427 0.145557 510
1732257846802 0.04806 511
1732257847183 -0.009159 512
1732257847564 -0.245027 513
1732257847939 0.167804 514
1732257848313 0.214424 515
1732257848689 -0.246476 516
1732257849066 -0.087456 517
1732257849433 0.131353 518
1732257849802 0.194182 519
1732257850187 -0.111335 520
1732257850560 -0.026783 521
1732257850934 -0.155392 522
1732257851311 -0.101159 523
1732257851700 0.005269 524
1732257852095 0.20362 525
1732257852469 -0.049854 526
1732257852840 -0.166086 527
1732257853218 -0.208368 528
1732257853588 -0.100564 529
1732257853964 0.066227 530
1732257854345 0.024015 531
1732257854723 0.064225 532
1732257855100 -0.507312 533
1732257855480 0.127189 534
1732257855855 0.169054 535
1732257856228 0.308397 536
1732257856597 0.197412 537
1732257856967 0.21128 538
1732257857347 0.220331 539
1732257857717 0.227731 540
1732257858090 -0.045976 541
1732257858470 0.28825 542
1732257858859 -0.275987 543
1732257859243 -0.006801 544
1732257859618 -0.044047 545
1732257859990 -0.209453 546
1732257860383 0.007366 547
1732257860862 -0.060671 548
1732257861363 0.219859 549
1732257861749 -0.153221 550
1732257862120 0.124709 551
1732257862495 0.236822 552
1732257862865 -0.058682 553
1732257863247 -0.103755 554
1732257863638 0.016686 555
1732257864009 0.071125 556
1732257864392 0.256043 557
1732257864766 -0.144033 558
1732257865137 0.001184 559
1732257865514 -0.13054 560
1732257865882 0.147424 561
1732257866256 0.18052 562
1732257866629 -0.064234 563
1732257867004 -0.231697 564
1732257867393 0.006196 565
1732257867772 -0.234099 566
1732257868145 0.204341 567
1732257868529 -0.60564 568
1732257868899 -0.231668 569
1732257869275 -0.052037 570
1732257869657 -0.143085 571
1732257870050 -0.130254 572
1732257870430 -0.014466 573
1732257870797 -0.068542 574
1732257871185 -0.115414 575
1732257871607 -0.000978 576
1732257871994 0.017398 577
1732257872382 -0.010096 578
1732257872770 0.057099 579
1732257873145 0.184536 580
1732257873521 0.081144 581
1732257873897 -0.299422 582
1732257874272 -0.194578 583
1732257874649 0.094458 584
1732257875029 0.089063 585
1732257875401 0.291959 586
1732257875779 -0.050468 587
1732257876166 -0.168015 588
1732257876564 0.000738 589
1732257876935 -0.097826 590
1732257877303 -0.201098 591
1732257877682 -0.021222 592
1732257878060 0.234756 593
1732257878443 -0.186143 594
1732257878813 -0.174468 595
1732257879184 -0.018706 596
1732257879556 -0.107096 597
1732257879928 -0.048284 598
1732257880303 0.182622 599
1732257880688 -0.045726 600
1732257881076 -0.03974 601
1732257881475 -0.289304 602
1732257881855 -0.067752 603
1732257882248 -0.30227 604
1732257882626 0.066076 605
1732257883004 0.405968 606
1732257883397 -0.041505 607
1732257883782 0.213893 608
1732257884159 -0.014568 609
1732257884529 -0.488669 610
1732257884919 -0.15801 611
1732257885305 -0.200559 612
1732257885686 -0.024841 613
1732257886071 0.055252 614
1732257886464 -0.036529 615
1732257886837 0.099863 616
1732257887220 0.186578 617
1732257887597 0.137171 618
1732257887975 -0.260102 619
1732257888357 0.111399 620
1732257888741 0.138321 621
1732257889130 0.131084 622
1732257889509 -0.058529 623
1732257889898 -0.16731 624
1732257890284 -0.165918 625
1732257890670 -0.068458 626
1732257891061 0.04741 627
1732257891446 -0.027209 628
1732257891831 -0.173978 629
1732257892230 0.122366 630
1732257892607 0.161827 631
1732257893004 -0.610369 632
1732257893386 -0.125139 633
1732257893773 -0.204332 634
1732257894147 -0.131753 635
1732257894533 -0.048417 636
1732257894922 0.021926 637
1732257895307 0.051189 638
1732257895699 -0.113094 639
1732257896085 0.080864 640
1732257896468 0.173647 641
1732257896859 -0.152787 642
1732257897243 0.044095 643
1732257897630 -0.122756 644
1732257898013 0.016191 645
1732257898405 -0.096056 646
1732257898794 0.108676 647
1732257899191 -0.062976 648
1732257899574 0.062741 649
1732257899963 0.187908 650
1732257900349 0.089452 651
1732257900735 -0.124508 652
1732257901139 0.105136 653
1732257901525 0.114851 654
1732257901915 0.032219 655
1732257902309 0.183534 656
1732257902687 0.055589 657
1732257903072 -0.139528 658
1732257903463 -0.133849 659
1732257903849 -0.341773 660
1732257904225 -0.234868 661
1732257904610 -0.246086 662
1732257904998 -0.101888 663
1732257905382 -0.006263 664
1732257905764 0.182664 665
1732257906144 0.047454 666
1732257906529 -0.162309 667
1732257906910 -0.112932 668
1732257907306 0.08792 669
1732257907701 -0.12927 670
1732257908102 0.002753 671
1732257908475 0.085351 672
1732257908853 -0.037715 673
1732257909232 0.526555 674
1732257909620 -0.034162 675
1732257909999 0.174845 676
1732257910380 -0.206213 677
1732257910760 0.235892 678
1732257911155 0.151231 679
1732257911548 -0.162814 680
1732257911921 0.035692 681
1732257912292 0.140218 682
1732257912671 0.030566 683
1732257913043 0.136705 684
1732257913422 0.061982 685
1732257913794 0.204878 686
1732257914177 -0.135728 687
1732257914553 -0.119539 688
1732257914924 0.179912 689
1732257915309 0.004095 690
1732257915701 -0.083432 691
1732257916089 0.143382 692
1732257916461 -0.367254 693
1732257916835 -0.12644 694
1732257917209 0.074556 695
1732257917590 -0.284909 696
1732257917965 0.009451 697
1732257918341 0.05746 698
1732257918720 -0.024895 699
1732257919095 0.104567 700
1732257919475 0.041098 701
1732257919848 0.199422 702
1732257920234 -0.30218 703
1732257920612 0.035159 704
1732257920996 0.064441 705
1732257921368 0.003421 706
1732257921753 -0.101385 707
1732257922137 -0.52727 708
1732257922507 -0.092811 709
1732257922883 0.071689 710
1732257923262 0.172568 711
1732257923649 0.038832 712
1732257924042 0.26354 713
1732257924426 -0.040426 714
1732257924801 -0.272272 715
1732257925175 -0.353858 716
1732257925551 0.044997 717
1732257925932 -0.208385 718
1732257926310 -0.060465 719
1732257926683 -0.012793 720
1732257927054 0.054409 721
1732257927432 0.111377 722
1732257927817 0.151214 723
1732257928188 -0.289768 724
1732257928564 -0.401073 725
1732257928937 0.109292 726
1732257929311 -0.00546 727
1732257929696 -0.163551 728
1732257930082 -0.020759 729
1732257930468 0.201538 730
1732257930850 0.116528 731
1732257931233 -0.158164 732
1732257931637 -0.218858 733
1732257932036 -0.234894 734
1732257932413 -0.350717 735
1732257932792 -0.031385 736
1732257933171 -0.025115 737
1732257933550 -0.005144 738
1732257933927 0.096411 739
1732257934299 -0.228229 740
1732257934676 0.071171 741
1732257935050 0.010002 742
1732257935431 0.0563 743
1732257935809 -0.08545 744
1732257936194 -0.060043 745
1732257936574 0.071302 746
1732257936949 -0.006216 747
1732257937323 -0.205716 748
1732257937704 -0.082099 749
1732257938102 -0.204298 750
1732257938478 0.184823 751
1732257938858 0.00949 752
1732257939251 -0.056997 753
1732257939624 -0.212972 754
1732257940002 -0.264146 755
1732257940375 -0.173106 756
1732257940755 -0.162244 757
1732257941128 -0.112988 758
1732257941498 0.17725 759
1732257941875 -0.347676 760
1732257942255 -0.003931 761
1732257942625 0.261229 762
1732257942997 0.146431 763
1732257943369 -0.435802 764
1732257943749 -0.069594 765
1732257944140 0.017353 766
1732257944512 -0.105016 767
1732257944888 -0.066823 768
1732257945263 0.160818 769
1732257945637 -0.03652 770
1732257946014 -0.070824 771
1732257946394 -0.581278 772
1732257946776 -0.023763 773
1732257947158 0.009056 774
1732257947536 0.012436 775
1732257947913 -0.204134 776
1732257948309 -0.165261 777
1732257948686 -0.045585 778
1732257949060 -0.331747 779
1732257949437 -0.203131 780
1732257949815 0.111479 781
1732257950197 -0.045203 782
1732257950587 -0.158268 783
1732257950961 -0.250857 784
1732257951359 0.04875 785
1732257951734 -0.206685 786
1732257952115 0.224873 787
1732257952495 -0.000365 788
1732257952880 -0.243932 789
1732257953254 -0.054473 790
1732257953629 0.07777 791
1732257954002 -0.059199 792
1732257954383 0.052127 793
1732257954759 -0.182364 794
1732257955142 0.021671 795
1732257955518 -0.060273 796
1732257955897 -0.051941 797
1732257956273 -0.004766 798
1732257956660 -0.12547 799
1732257957041 0.118886 800
1732257957413 -0.352838 801
1732257957787 -0.074786 802
1732257958162 0.027159 803
1732257958545 -0.028054 804
1732257958914 0.045287 805
1732257959287 -0.014903 806
1732257959660 0.057206 807
1732257960055 -0.057308 808
1732257960428 -0.014249 809
1732257960807 0.086185 810
1732257961183 -0.007278 811
1732257961554 -0.204424 812
1732257961934 -0.1206 813
1732257962315 -0.165339 814
1732257962693 -0.241083 815
1732257963069 -0.03322 816
1732257963445 -0.045012 817
1732257963823 -0.332447 818
1732257964197 0.098293 819
1732257964569 -0.270208 820
1732257964952 -0.09512 821
1732257965328 -0.084888 822
1732257965716 -0.039149 823
1732257966098 -0.21945 824
1732257966471 -0.207142 825
1732257966857 0.052099 826
1732257967234 0.033567 827
1732257967610 -0.466147 828
1732257967987 0.08234 829
1732257968366 0.154464 830
1732257968746 -0.009797 831
1732257969121 0.165114 832
1732257969495 -0.092945 833
1732257969864 -0.000888 834
1732257970243 -0.0833 835
1732257970618 -0.250806 836
1732257971014 0.19609 837
1732257971412 0.239166 838
1732257971803 -0.0937 839
1732257972191 -0.109353 840
1732257972578 0.06165 841
1732257972956 0.023081 842
1732257973328 -0.053601 843
1732257973707 -0.108823 844
1732257974098 -0.033377 845
1732257974476 -0.782294 846
1732257974858 -0.238759 847
1732257975236 -0.067883 848
1732257975619 -0.071503 849
1732257975991 0.001732 850
1732257976374 0.062797 851
1732257976753 0.003069 852
1732257977136 -0.041854 853
1732257977533 -0.102831 854
1732257977917 0.117712 855
1732257978293 -0.147766 856
1732257978677 -0.044767 857
1732257979062 0.073404 858
1732257979445 0.055958 859
1732257979822 -0.06749 860
1732257980195 0.072232 861
1732257980580 -0.145586 862
1732257980958 0.001376 863
1732257981333 -0.177774 864
1732257981708 -0.050372 865
1732257982084 0.057496 866
1732257982464 -0.002441 867
1732257982846 -0.00301 868
1732257983223 0.03864 869
1732257983609 0.147975 870
1732257983993 -0.196133 871
1732257984373 0.223637 872
1732257984756 0.013899 873
1732257985143 -0.408853 874
1732257985518 -0.017324 875
1732257985912 -0.087651 876
1732257986287 -0.01315 877
1732257986654 -0.398493 878
1732257987022 0.216005 879
1732257987396 -0.04786 880
1732257987769 -0.043291 881
1732257988146 0.148026 882
1732257988519 -0.058436 883
1732257988897 -0.028067 884
1732257989279 0.035979 885
1732257989663 0.139243 886
1732257990042 -0.378159 887
1732257990425 -0.035456 888
1732257990817 0.266841 889
1732257991196 -0.014118 890
1732257991589 0.018351 891
1732257991969 0.093316 892
1732257992339 -0.197661 893
1732257992709 -0.03041 894
1732257993087 0.007367 895
1732257993478 0.131917 896
1732257993875 0.031927 897
1732257994255 0.066867 898
1732257994624 -0.072335 899
1732257995003 0.230044 900
1732257995383 -0.004631 901
1732257995770 -0.17044 902
1732257996142 -0.0192 903
1732257996522 0.136184 904
1732257996899 -0.299665 905
1732257997271 0.124364 906
1732257997641 0.075415 907
1732257998021 0.05927 908
1732257998397 -0.036083 909
1732257998771 -0.06251 910
1732257999140 0.029978 911
1732257999523 -0.231475 912
1732257999920 -0.059644 913
1732258000300 -0.158496 914
1732258000689 0.180018 915
1732258001081 0.037773 916
1732258001468 -0.370838 917
1732258001871 -0.4757 918
1732258002258 0.133379 919
1732258002636 -0.114468 920
1732258003016 -0.125075 921
1732258003394 -0.081233 922
1732258003773 -0.148816 923
1732258004156 0.088524 924
1732258004548 -0.243332 925
1732258004931 -0.010721 926
1732258005308 -0.125725 927
1732258005690 -0.01538 928
1732258006094 0.199864 929
1732258006513 -0.018449 930
1732258006888 0.011907 931
1732258007264 -0.07897 932
1732258007645 -0.105738 933
1732258008023 -0.322218 934
1732258008408 -0.039732 935
1732258008792 -0.04106 936
1732258009188 0.154457 937
1732258009567 -0.269082 938
1732258009944 0.074762 939
1732258010335 -0.670185 940
1732258010719 -0.010961 941
1732258011100 -0.241606 942
1732258011477 -0.925343 943
1732258011856 -0.00408 944
1732258012239 0.02848 945
1732258012612 -0.221076 946
1732258012994 0.011362 947
1732258013376 0.067659 948
1732258013749 0.057023 949
1732258014138 0.07686 950
1732258014513 0.000818 951
1732258014890 0.038083 952
1732258015269 0.319929 953
1732258015656 -0.014617 954
1732258016039 -0.076037 955
1732258016426 -0.03816 956
1732258016811 -0.118352 957
1732258017194 -0.394509 958
1732258017577 -0.125537 959
1732258017966 0.342135 960
1732258018348 -0.134481 961
1732258018731 0.174721 962
1732258019107 0.025586 963
1732258019493 -0.285096 964
1732258019889 -0.065037 965
1732258020268 -0.044797 966
1732258020659 0.103167 967
1732258021042 -0.040218 968
1732258021423 0.049192 969
1732258021803 -0.399953 970
1732258022188 -0.229294 971
1732258022561 -0.047291 972
1732258022944 -0.038466 973
1732258023322 -0.085883 974
1732258023702 0.10627 975
1732258024091 0.142115 976
1732258024467 -0.235522 977
1732258024867 0.130732 978
1732258025263 0.136052 979
1732258025648 -0.009749 980
1732258026027 -0.148942 981
1732258026406 0.231856 982
1732258026793 -0.218736 983
1732258027175 -0.028099 984
1732258027554 -0.37115 985
1732258027934 0.062089 986
1732258028308 -0.06416 987
1732258028686 -0.298805 988
1732258029071 -0.11804 989
1732258029451 -0.105734 990
1732258029847 -0.125668 991
1732258030307 -0.254809 992
1732258030782 -0.17838 993
1732258031255 0.192465 994
1732258031712 -0.057461 995
1732258032164 0.24266 996
1732258032683 0.057254 997
1732258033195 0.016159 998
1732258033675 -0.162986 999
