1731993537708 0.046968 7
1731993545600 0.145059 15
1731993551464 0.384908 23
1731993555110 -0.177905 31
1731993558531 0.596875 39
1731993562773 0.666255 47
1731993566510 0.548374 55
1731993570238 -0.048439 63
1731993573629 0.622013 71
1731993576326 -0.096087 79
1731993578994 -0.124652 87
1731993582233 0.498201 95
1731993585222 0.825947 103
1731993587758 0.139549 111
1731993591028 0.372789 119
1731993593811 0.385404 127
1731993596183 -0.04283 135
1731993598563 0.115457 143
1731993600828 0.684653 151
1731993603136 0.426169 159
1731993605290 -0.198933 167
1731993607488 0.365766 175
1731993610033 0.315719 183
1731993612440 0.57661 191
1731993614709 0.074142 199
1731993617107 0.401532 207
1731993619453 0.275958 215
1731993622003 0.658878 223
1731993624518 -0.065161 231
1731993627111 -0.040766 239
1731993629511 0.755996 247
1731993632333 0.457572 255
1731993634747 0.588272 263
1731993637141 0.390409 271
1731993639759 0.275958 279
1731993641918 0.461458 287
1731993644146 0.387299 295
1731993646714 -0.212511 303
1731993649016 0.116672 311
1731993651246 0.686782 319
1731993653706 0.215384 327
1731993656122 0.648179 335
1731993659009 0.854366 343
1731993661415 -0.144065 351
1731993663688 -0.080625 359
1731993665934 0.132198 367
1731993668346 0.593343 375
1731993670493 0.49173 383
1731993672676 0.196825 391
1731993674923 0.400426 399
1731993677004 0.450552 407
1731993678937 0.444935 415
1731993680869 0.354639 423
1731993683112 0.805136 431
1731993685082 0.806969 439
1731993687197 -0.162291 447
1731993689185 0.032294 455
1731993691482 -0.276228 463
1731993693488 -0.074562 471
1731993695594 0.640492 479
1731993697624 0.385404 487
1731993699731 0.693476 495
1731993701702 0.648179 503
1731993703653 -0.080625 511
1731993705741 0.145626 519
1731993707757 0.404466 527
1731993710029 0.910076 535
1731993712028 0.145626 543
1731993713932 0.387299 551
1731993716051 0.28767 559
1731993717988 0.549521 567
1731993719898 0.315719 575
1731993721856 0.296101 583
1731993723880 0.840278 591
1731993725984 0.309578 599
1731993728036 0.854366 607
1731993730179 0.783627 615
1731993732202 0.799378 623
1731993734637 -0.201996 631
1731993736980 0.287089 639
1731993739074 0.489089 647
1731993741376 0.468249 655
1731993743586 -0.152771 663
1731993745807 0.944046 671
1731993747915 0.313266 679
1731993750055 0.755996 687
1731993752182 0.622004 695
1731993754255 0.563345 703
1731993756219 0.311869 711
1731993758209 0.049851 719
1731993760301 0.548374 727
1731993762559 -0.074239 735
1731993764644 0.444935 743
1731993766839 -0.058111 751
1731993768909 0.406058 759
1731993771032 0.370212 767
1731993773182 -0.132391 775
1731993775311 0.431213 783
1731993777347 0.614931 791
1731993779591 0.668559 799
1731993781582 0.532808 807
1731993783515 0.640492 815
1731993785424 0.376317 823
1731993787618 0.176146 831
1731993790014 0.153786 839
1731993792033 -0.162291 847
1731993794112 0.260768 855
1731993796136 0.566153 863
1731993798401 -0.160606 871
1731993800439 0.081591 879
1731993802300 0.049851 887
1731993804369 0.683576 895
1731993806407 0.629852 903
1731993808323 0.215384 911
1731993810275 0.622004 919
1731993812367 0.788122 927
1731993814333 -0.076367 935
1731993816440 -0.198933 943
1731993818528 0.674265 951
1731993820598 0.895889 959
1731993822623 0.814816 967
1731993824624 0.287062 975
1731993826867 0.625609 983
1731993828841 0.562121 991
1731993830984 1.191007 999
