1731993531282 -0.495722 0
1731993532198 -0.601004 1
1731993532739 -0.062341 2
1731993533330 -0.110359 3
1731993534282 -0.70065 4
1731993535159 -0.125416 5
1731993535992 0.090155 6
1731993536859 -0.145536 7
1731993538728 -0.060231 8
1731993539530 -0.054544 9
1731993540483 -0.968602 10
1731993541287 -0.637509 11
1731993542093 -0.576113 12
1731993542961 0.135445 13
1731993543827 0.095336 14
1731993544825 -0.029022 15
1731993546516 -0.488401 16
1731993547546 0.152066 17
1731993548002 -0.493799 18
1731993548927 -0.316029 19
1731993549664 -0.754272 20
1731993550285 -0.928115 21
1731993550680 0.062899 22
1731993551005 -0.307723 23
1731993551770 -0.192652 24
1731993552155 -0.557262 25
1731993552432 -0.343832 26
1731993552892 -0.210944 27
1731993553341 -0.112514 28
1731993553635 -0.611717 29
1731993554178 -0.271481 30
1731993554668 -0.650598 31
1731993555471 -0.365714 32
1731993555819 -0.699727 33
1731993556133 -0.571872 34
1731993556563 -0.599371 35
1731993556896 -0.544764 36
1731993557315 -0.074472 37
1731993557612 -0.045627 38
1731993557922 -0.173869 39
1731993558929 -0.58798 40
1731993559227 -0.175366 41
1731993559872 -0.352629 42
1731993560368 -0.380016 43
1731993560795 0.034837 44
1731993561382 -0.173658 45
1731993561852 -0.264363 46
1731993562235 -0.406061 47
1731993563259 0.007549 48
1731993563577 -0.275367 49
1731993563864 -0.254458 50
1731993564369 -0.212999 51
1731993564674 -0.11649 52
1731993565285 -0.069004 53
1731993565855 -0.415706 54
1731993566167 -0.29585 55
1731993566881 -0.118236 56
1731993567435 -0.166242 57
1731993567746 -0.322421 58
1731993568047 -0.045394 59
1731993568423 -0.09971 60
1731993568706 -0.271622 61
1731993569041 -0.080235 62
1731993569523 -0.376379 63
1731993570825 0.010324 64
1731993571168 -0.523957 65
1731993571475 -0.211639 66
1731993571754 -0.67156 67
1731993572172 -0.170548 68
1731993572590 -0.168148 69
1731993572883 -0.01699 70
1731993573142 -1.076231 71
1731993573948 0.010195 72
1731993574148 -0.198962 73
1731993574359 0.118259 74
1731993574682 -0.805032 75
1731993574948 -0.183806 76
1731993575167 -0.057813 77
1731993575446 -0.814537 78
1731993575852 -0.270374 79
1731993576813 -0.256185 80
1731993577076 -0.640171 81
1731993577336 -0.150714 82
1731993577574 -0.150144 83
1731993577897 -0.623018 84
1731993578264 -0.652569 85
1731993578527 -1.159425 86
1731993578836 -0.492116 87
1731993579202 -0.524578 88
1731993579704 -1.146087 89
1731993580248 -0.116437 90
1731993580493 -0.578698 91
1731993580760 -0.099847 92
1731993581057 -1.016714 93
1731993581375 -0.94051 94
1731993581854 -0.39671 95
1731993582565 0.00073 96
1731993582822 -0.230421 97
1731993583131 -0.444124 98
1731993583489 -0.051978 99
1731993584018 0.021644 100
1731993584294 -0.78106 101
1731993584526 -0.448474 102
1731993584824 -0.096413 103
1731993585507 -0.09147 104
1731993585739 -0.741421 105
1731993586058 -0.092289 106
1731993586275 -0.001363 107
1731993586500 -0.186734 108
1731993586759 -0.464447 109
1731993587055 -0.522537 110
1731993587289 -0.204662 111
1731993587966 -0.11295 112
1731993588251 -0.411793 113
1731993588595 -0.575739 114
1731993589059 -0.19608 115
1731993589622 -0.544993 116
1731993589904 -0.131222 117
1731993590165 -0.559586 118
1731993590485 -0.643949 119
1731993591409 0.101904 120
1731993591647 -0.275319 121
1731993591874 -0.272557 122
1731993592213 -0.813757 123
1731993592439 -0.360117 124
1731993592648 -0.564025 125
1731993593044 -0.924934 126
1731993593275 -0.102763 127
1731993594027 -0.221007 128
1731993594267 -0.190539 129
1731993594485 -0.801006 130
1731993594772 -0.069937 131
1731993594991 0.014226 132
1731993595218 -0.658596 133
1731993595523 0.035298 134
1731993595773 -0.106469 135
1731993596461 -0.075534 136
1731993596684 -0.175194 137
1731993596945 -0.618333 138
1731993597153 -0.570751 139
1731993597460 0.04631 140
1731993597678 -0.192958 141
1731993597905 -0.31468 142
1731993598123 -0.216922 143
1731993598780 -0.302145 144
1731993598998 -0.231093 145
1731993599219 -0.172895 146
1731993599446 -0.773925 147
1731993599686 -0.081162 148
1731993599886 -0.269792 149
1731993600109 -0.464727 150
1731993600322 -0.900395 151
1731993601098 -0.209538 152
1731993601330 0.082724 153
1731993601538 -0.183424 154
1731993601754 -0.33956 155
1731993601993 -0.260104 156
1731993602219 -1.329542 157
1731993602469 -0.336601 158
1731993602683 -0.142919 159
1731993603384 -0.637976 160
1731993603641 -1.229017 161
1731993603883 -0.288331 162
1731993604126 -0.331629 163
1731993604360 -0.646932 164
1731993604569 -0.017707 165
1731993604812 -0.519325 166
1731993605046 -0.164985 167
1731993605516 -0.350723 168
1731993605742 -0.499646 169
1731993605989 -0.314164 170
1731993606220 -0.154454 171
1731993606457 -0.088461 172
1731993606726 -0.497492 173
1731993606976 -0.269115 174
1731993607264 -0.346928 175
1731993607698 -0.109177 176
1731993607938 0.153535 177
1731993608175 -0.096224 178
1731993608439 -0.163578 179
1731993608777 0.015626 180
1731993608991 -0.014856 181
1731993609230 -0.147434 182
1731993609483 -0.471729 183
1731993610311 -0.292019 184
1731993610542 0.056378 185
1731993610770 -0.156381 186
1731993611039 -0.186365 187
1731993611248 -0.222687 188
1731993611465 -0.206684 189
1731993611721 -0.376979 190
1731993612016 -0.523692 191
1731993612681 -0.575409 192
1731993612919 -0.886889 193
1731993613158 -0.07515 194
1731993613392 -0.550591 195
1731993613628 -0.650683 196
1731993613917 -0.172724 197
1731993614194 -0.125619 198
1731993614417 -0.200894 199
1731993614929 -0.178116 200
1731993615300 -0.39235 201
1731993615497 -0.170806 202
1731993615695 -0.794585 203
1731993615918 -0.737709 204
1731993616139 -0.517574 205
1731993616356 -0.185501 206
1731993616626 -0.813281 207
1731993617341 -0.70163 208
1731993617666 -0.216631 209
1731993617884 -0.416441 210
1731993618221 -0.16141 211
1731993618453 -0.415459 212
1731993618719 -0.624421 213
1731993618949 -0.080118 214
1731993619191 -0.203085 215
1731993619704 -0.455381 216
1731993619959 -0.503616 217
1731993620198 -0.713636 218
1731993620469 -0.066429 219
1731993621029 -0.093593 220
1731993621278 -0.441087 221
1731993621514 -0.598645 222
1731993621777 0.003884 223
1731993622207 -0.143839 224
1731993622617 -0.121828 225
1731993622838 -0.601601 226
1731993623072 -0.134765 227
1731993623290 -0.083373 228
1731993623555 -0.785525 229
1731993623791 -0.419066 230
1731993624069 -0.602486 231
1731993624739 -0.042713 232
1731993625003 -0.064048 233
1731993625238 -0.033953 234
1731993625514 -0.993139 235
1731993625837 -0.03528 236
1731993626128 -0.618253 237
1731993626586 -0.108246 238
1731993626859 0.039048 239
1731993627315 -0.257309 240
1731993627535 -0.480499 241
1731993627795 0.014182 242
1731993628042 -0.387617 243
1731993628254 -0.107888 244
1731993628685 -0.056304 245
1731993628924 -0.169653 246
1731993629166 -0.21036 247
1731993629765 -0.820858 248
1731993630130 0.000453 249
1731993630375 -0.571727 250
1731993630598 -0.064492 251
1731993630845 -0.657212 252
1731993631128 -0.027864 253
1731993631357 0.126768 254
1731993631583 -0.3778 255
1731993632565 -0.056307 256
1731993632872 -0.528971 257
1731993633142 -0.501715 258
1731993633481 -0.410078 259
1731993633740 -0.225573 260
1731993633981 -0.199861 261
1731993634298 -0.156123 262
1731993634558 -0.062582 263
1731993634963 -0.108422 264
1731993635187 -0.698546 265
1731993635437 -0.815687 266
1731993635654 -0.452872 267
1731993635951 -0.67717 268
1731993636206 -0.097511 269
1731993636487 -0.700855 270
1731993636721 -0.282824 271
1731993637543 0.011842 272
1731993637841 -1.041933 273
1731993638152 -0.855318 274
1731993638402 -0.191983 275
1731993638668 -0.429801 276
1731993639012 -0.406757 277
1731993639280 5e-06 278
1731993639588 0.130278 279
1731993639980 -0.562837 280
1731993640213 -0.197215 281
1731993640470 -0.10144 282
1731993640708 -0.122252 283
1731993640964 0.026478 284
1731993641200 -0.387121 285
1731993641457 -0.142562 286
1731993641700 -0.177817 287
1731993642153 -0.490684 288
1731993642450 -0.040842 289
1731993642715 -0.711143 290
1731993642925 -0.763249 291
1731993643189 -0.659862 292
1731993643439 -0.072492 293
1731993643653 -0.636122 294
1731993643901 -0.408848 295
1731993644357 -0.158516 296
1731993644599 -0.312433 297
1731993644808 -0.46793 298
1731993645039 -0.083627 299
1731993645285 0.032086 300
1731993645512 -0.555906 301
1731993645762 -0.142537 302
1731993646093 -0.057725 303
1731993646953 -0.254634 304
1731993647202 -0.203565 305
1731993647483 -0.109481 306
1731993647729 0.087605 307
1731993648025 -1.223729 308
1731993648309 -0.705529 309
1731993648593 -0.035537 310
1731993648817 -1.385302 311
1731993649221 -0.014305 312
1731993649448 -0.181628 313
1731993649690 -0.171669 314
1731993649971 0.041721 315
1731993650229 -0.911336 316
1731993650509 -0.060078 317
1731993650754 -0.142898 318
1731993651038 -0.133036 319
1731993651492 -0.151315 320
1731993651817 -0.136664 321
1731993652076 -0.945656 322
1731993652304 -0.205106 323
1731993652531 -0.168905 324
1731993652785 -0.124841 325
1731993653030 -0.279529 326
1731993653315 -0.421559 327
1731993653942 -0.088765 328
1731993654196 -0.102717 329
1731993654438 -0.088738 330
1731993654708 -1.170545 331
1731993654969 -0.866873 332
1731993655190 -0.80583 333
1731993655482 0.035384 334
1731993655713 -0.248324 335
1731993656375 -0.286539 336
1731993656621 -0.237042 337
1731993657008 -0.044361 338
1731993657298 -0.307584 339
1731993657546 -0.51252 340
1731993657842 -0.133054 341
1731993658113 -0.625578 342
1731993658374 0.069322 343
1731993659228 -0.144066 344
1731993659484 -0.176531 345
1731993659751 -0.538471 346
1731993660025 -0.15256 347
1731993660312 -0.093507 348
1731993660596 -0.027877 349
1731993660866 -0.026145 350
1731993661119 -0.149072 351
1731993661633 0.032841 352
1731993661885 -0.237379 353
1731993662132 -0.494861 354
1731993662361 -0.226623 355
1731993662600 -0.871733 356
1731993662840 -1.255392 357
1731993663190 -0.220633 358
1731993663444 -0.02527 359
1731993663963 -0.021937 360
1731993664184 -0.65625 361
1731993664424 -0.111857 362
1731993664701 -0.191653 363
1731993664918 -0.112158 364
1731993665186 0.072459 365
1731993665494 -0.061171 366
1731993665728 -0.078845 367
1731993666156 -1.007119 368
1731993666413 -1.166021 369
1731993666688 -0.459364 370
1731993666934 -0.827741 371
1731993667194 0.037498 372
1731993667663 0.021931 373
1731993667907 -0.167037 374
1731993668171 -0.144484 375
1731993668568 -0.568079 376
1731993668822 -0.065353 377
1731993669048 -0.272746 378
1731993669306 -0.854783 379
1731993669553 -0.175038 380
1731993669816 -0.420112 381
1731993670055 -0.547094 382
1731993670303 0.047875 383
1731993670709 -0.210366 384
1731993671051 0.062514 385
1731993671304 -0.265301 386
1731993671525 -0.077811 387
1731993671770 -0.120611 388
1731993672025 -0.058564 389
1731993672248 -0.007442 390
1731993672480 0.060183 391
1731993672907 -0.085122 392
1731993673126 -0.47044 393
1731993673331 -0.868895 394
1731993673563 -1.224303 395
1731993673786 -0.206108 396
1731993674032 -0.006618 397
1731993674273 -0.216774 398
1731993674519 -0.032383 399
1731993675138 -0.130202 400
1731993675348 -0.459744 401
1731993675648 -0.100689 402
1731993675871 -0.32575 403
1731993676109 -0.962442 404
1731993676315 -0.470804 405
1731993676549 -0.705449 406
1731993676772 -0.138049 407
1731993677232 -0.1627 408
1731993677453 -0.247216 409
1731993677670 -0.264112 410
1731993677882 -0.194427 411
1731993678104 -0.07827 412
1731993678314 -0.695754 413
1731993678537 -0.281484 414
1731993678756 -0.252891 415
1731993679153 -0.554061 416
1731993679364 0.052037 417
1731993679577 -0.096032 418
1731993679781 -0.951883 419
1731993680022 -0.244233 420
1731993680236 -0.811681 421
1731993680461 -0.372048 422
1731993680700 0.01219 423
1731993681086 -0.176278 424
1731993681315 -0.088836 425
1731993681528 -0.087013 426
1731993681770 0.1128 427
1731993682000 -0.549539 428
1731993682216 -0.286169 429
1731993682472 -0.202596 430
1731993682707 -0.077394 431
1731993683352 -0.157233 432
1731993683578 -0.109829 433
1731993683824 -0.72255 434
1731993684046 -1.160595 435
1731993684264 -0.17684 436
1731993684483 -0.191808 437
1731993684701 -1.329877 438
1731993684923 -0.129145 439
1731993685305 -0.378561 440
1731993685530 -0.519445 441
1731993685750 -0.112682 442
1731993685988 -0.728268 443
1731993686210 -0.57707 444
1731993686443 -0.188091 445
1731993686669 0.046091 446
1731993686921 -0.104196 447
1731993687422 -0.004047 448
1731993687638 -0.436706 449
1731993687880 -0.470694 450
1731993688092 -0.036735 451
1731993688306 -0.52646 452
1731993688528 -0.551396 453
1731993688771 -0.336023 454
1731993689014 0.087239 455
1731993689417 0.124383 456
1731993689631 0.089206 457
1731993689854 -0.06223 458
1731993690072 -0.384508 459
1731993690331 0.054918 460
1731993690561 0.096682 461
1731993690776 -0.047285 462
1731993690980 -0.207031 463
1731993691743 -0.19452 464
1731993691958 -0.120078 465
1731993692173 0.069136 466
1731993692419 0.016248 467
1731993692645 0.000825 468
1731993692865 -0.157565 469
1731993693099 -0.728967 470
1731993693320 -0.035922 471
1731993693709 -0.158662 472
1731993693950 -0.662096 473
1731993694164 0.048231 474
1731993694432 -0.097933 475
1731993694678 -0.293223 476
1731993694904 -0.050117 477
1731993695124 -0.221989 478
1731993695394 -0.126213 479
1731993695790 -0.584562 480
1731993696015 -0.11392 481
1731993696236 0.080089 482
1731993696496 -0.241407 483
1731993696731 -0.085631 484
1731993696949 -0.081693 485
1731993697224 0.105342 486
1731993697449 -0.540415 487
1731993697851 -0.095513 488
1731993698080 -0.608634 489
1731993698327 -0.248847 490
1731993698570 -0.476332 491
1731993698780 -0.502612 492
1731993699001 -0.241649 493
1731993699225 0.041403 494
1731993699494 -0.544042 495
1731993699944 -0.102478 496
1731993700181 -0.594531 497
1731993700407 -0.643157 498
1731993700643 -0.828825 499
1731993700852 -0.151707 500
1731993701093 -0.505626 501
1731993701317 -0.065854 502
1731993701520 -0.031693 503
1731993701918 -0.195743 504
1731993702156 -0.075686 505
1731993702388 -0.18469 506
1731993702608 -0.629278 507
1731993702829 0.175071 508
1731993703048 -0.381369 509
1731993703259 -0.028669 510
1731993703477 -0.281365 511
1731993703858 -0.013112 512
1731993704078 -0.607452 513
1731993704306 -0.251071 514
1731993704526 -0.498277 515
1731993704729 -1.437907 516
1731993704961 -0.084211 517
1731993705190 -0.178842 518
1731993705419 -0.140376 519
1731993705971 -0.134527 520
1731993706193 -1.386988 521
1731993706431 -0.572678 522
1731993706649 -0.31895 523
1731993706868 -0.488255 524
1731993707107 -0.66857 525
1731993707346 -0.527112 526
1731993707585 -0.12274 527
1731993707972 -0.600086 528
1731993708199 -0.279362 529
1731993708425 -0.057891 530
1731993708648 -0.561872 531
1731993708891 -0.16937 532
1731993709159 -0.107558 533
1731993709378 -0.195896 534
1731993709595 -0.047181 535
1731993710241 -0.268805 536
1731993710459 -1.048096 537
1731993710694 -0.165075 538
1731993710924 0.017806 539
1731993711164 -0.008071 540
1731993711380 -0.110155 541
1731993711596 -0.014602 542
1731993711836 -0.062689 543
1731993712231 -0.532382 544
1731993712477 -0.677706 545
1731993712693 -0.240839 546
1731993712901 -0.208412 547
1731993713124 -0.264906 548
1731993713333 -0.347091 549
1731993713549 -0.869612 550
1731993713763 -0.349242 551
1731993714152 -0.124893 552
1731993714384 -0.807624 553
1731993714600 0.056108 554
1731993714808 -0.386778 555
1731993715046 -0.188539 556
1731993715281 -0.022628 557
1731993715509 -0.22556 558
1731993715724 -0.883271 559
1731993716291 -0.092366 560
1731993716515 -0.468534 561
1731993716755 -0.060992 562
1731993716963 0.044982 563
1731993717174 -0.163169 564
1731993717404 -0.102964 565
1731993717606 -1.3678 566
1731993717831 -0.588982 567
1731993718188 -1.476282 568
1731993718402 -0.593152 569
1731993718620 -1.630341 570
1731993718839 -0.085408 571
1731993719053 -0.599036 572
1731993719276 -0.537911 573
1731993719493 0.00926 574
1731993719726 -0.113252 575
1731993720117 0.033934 576
1731993720350 -0.17498 577
1731993720584 -0.28636 578
1731993720815 0.096174 579
1731993721025 -0.15903 580
1731993721247 -0.270489 581
1731993721459 -0.186924 582
1731993721680 -0.112463 583
1731993722070 -0.271083 584
1731993722283 -0.617222 585
1731993722509 -0.902015 586
1731993722735 -0.017064 587
1731993722976 -0.092353 588
1731993723198 -0.145098 589
1731993723458 -0.124701 590
1731993723680 -0.716976 591
1731993724106 0.086682 592
1731993724373 -0.090045 593
1731993724605 0.038928 594
1731993724851 -0.232806 595
1731993725077 -0.273018 596
1731993725306 -0.039416 597
1731993725531 0.254049 598
1731993725780 -0.072469 599
1731993726210 -0.239212 600
1731993726467 -0.5776 601
1731993726707 -0.368658 602
1731993726936 -0.250483 603
1731993727164 0.124711 604
1731993727399 -0.398557 605
1731993727628 -0.012764 606
1731993727857 -0.129587 607
1731993728265 0.097047 608
1731993728527 -0.538125 609
1731993728746 -0.053016 610
1731993728982 -0.153802 611
1731993729208 0.069045 612
1731993729446 0.061158 613
1731993729684 -0.027041 614
1731993729937 -0.633959 615
1731993730404 -0.622887 616
1731993730639 -0.159193 617
1731993730855 -0.318474 618
1731993731071 -0.486691 619
1731993731294 -0.034199 620
1731993731516 -0.540245 621
1731993731747 -0.304979 622
1731993731984 -0.495232 623
1731993732452 -0.12295 624
1731993732714 -0.403658 625
1731993732973 -0.279878 626
1731993733223 -0.816741 627
1731993733461 -0.75626 628
1731993733710 0.021199 629
1731993733947 0.078929 630
1731993734178 -1.057185 631
1731993734870 -0.044828 632
1731993735153 -0.558244 633
1731993735424 -0.35547 634
1731993735658 -0.121741 635
1731993735873 -0.62715 636
1731993736123 -0.187198 637
1731993736393 -0.014241 638
1731993736606 -0.602436 639
1731993737203 -0.477564 640
1731993737432 -0.492753 641
1731993737645 -0.255803 642
1731993737888 0.124596 643
1731993738141 -0.603109 644
1731993738403 -0.146705 645
1731993738662 -0.361544 646
1731993738883 -0.983966 647
1731993739334 -0.334841 648
1731993739586 -0.143879 649
1731993739847 -0.051613 650
1731993740089 -0.042512 651
1731993740327 -0.013386 652
1731993740579 -0.552044 653
1731993740878 -0.405702 654
1731993741136 -0.255922 655
1731993741619 -0.386049 656
1731993741868 -0.708377 657
1731993742102 -0.281926 658
1731993742330 -0.233471 659
1731993742551 -0.78162 660
1731993742772 -0.026385 661
1731993742996 -0.139026 662
1731993743214 -0.620838 663
1731993743813 -0.114682 664
1731993744060 -0.179791 665
1731993744303 0.018332 666
1731993744566 -0.671667 667
1731993744855 -0.073285 668
1731993745094 -1.119541 669
1731993745330 -0.023966 670
1731993745570 -0.180943 671
1731993746026 -0.557889 672
1731993746240 -0.235891 673
1731993746460 -0.649926 674
1731993746695 -0.088969 675
1731993746950 -0.109931 676
1731993747169 -0.907339 677
1731993747436 -0.312099 678
1731993747710 -0.012973 679
1731993748146 -0.058252 680
1731993748415 0.06543 681
1731993748655 -0.260011 682
1731993748911 -1.112127 683
1731993749161 -0.160762 684
1731993749401 -0.723386 685
1731993749650 -0.11406 686
1731993749886 -0.466755 687
1731993750265 -0.412119 688
1731993750519 -0.371874 689
1731993750750 -0.345954 690
1731993750975 -0.860062 691
1731993751219 0.012288 692
1731993751473 -0.400642 693
1731993751706 -0.078445 694
1731993751944 -0.109939 695
1731993752430 -0.668347 696
1731993752667 -1.098277 697
1731993752892 -0.638188 698
1731993753166 -0.777383 699
1731993753394 -0.128951 700
1731993753616 -0.129537 701
1731993753840 -0.794706 702
1731993754039 -0.089309 703
1731993754513 -0.727305 704
1731993754744 -0.088425 705
1731993754953 0.027533 706
1731993755168 -0.219949 707
1731993755368 -0.157148 708
1731993755571 0.066388 709
1731993755779 -0.089865 710
1731993756006 -0.965161 711
1731993756455 -0.018303 712
1731993756673 -0.263486 713
1731993756913 -0.005005 714
1731993757148 -0.787654 715
1731993757359 0.008729 716
1731993757578 -0.25177 717
1731993757792 -0.054904 718
1731993758011 -0.364172 719
1731993758459 -0.12301 720
1731993758685 -0.550918 721
1731993758918 0.081727 722
1731993759164 -0.126745 723
1731993759377 -0.264473 724
1731993759615 -0.601938 725
1731993759857 -0.194898 726
1731993760121 -0.164624 727
1731993760547 -0.21302 728
1731993760825 -0.855954 729
1731993761061 -0.394161 730
1731993761286 -0.129751 731
1731993761538 -0.03325 732
1731993761769 -0.129289 733
1731993761975 -0.132007 734
1731993762191 -0.085957 735
1731993762791 -0.28096 736
1731993763029 -0.58611 737
1731993763240 -0.727125 738
1731993763475 -0.436071 739
1731993763716 -0.552795 740
1731993763935 -0.382462 741
1731993764187 -0.571346 742
1731993764448 -0.724848 743
1731993764920 -0.186466 744
1731993765202 -0.618725 745
1731993765425 -0.293681 746
1731993765650 -1.406297 747
1731993765872 -0.004135 748
1731993766077 -0.059715 749
1731993766315 -0.809547 750
1731993766590 0.119825 751
1731993767122 -0.226681 752
1731993767330 -0.567865 753
1731993767585 -0.023689 754
1731993767820 -0.370302 755
1731993768034 -0.155 756
1731993768257 -0.466169 757
1731993768505 -0.178583 758
1731993768718 0.083354 759
1731993769146 -0.019657 760
1731993769404 -0.291899 761
1731993769635 -0.145343 762
1731993769884 -0.211625 763
1731993770119 -0.60368 764
1731993770358 -0.508034 765
1731993770585 -0.774984 766
1731993770814 -0.044217 767
1731993771237 -0.18399 768
1731993771489 -0.168566 769
1731993771716 -0.528003 770
1731993771954 -0.403367 771
1731993772215 -0.27333 772
1731993772480 -0.171423 773
1731993772710 -0.233406 774
1731993773004 -0.084777 775
1731993773397 -0.086892 776
1731993773655 0.099375 777
1731993773906 0.056387 778
1731993774208 -1.072721 779
1731993774444 -0.189627 780
1731993774656 -0.183148 781
1731993774908 -0.299067 782
1731993775150 -0.844803 783
1731993775527 0.061456 784
1731993775751 -0.19105 785
1731993775969 -0.321006 786
1731993776198 -0.331625 787
1731993776450 -0.593538 788
1731993776667 0.154236 789
1731993776901 -0.374836 790
1731993777114 -0.263182 791
1731993777596 -0.155773 792
1731993777835 -0.223847 793
1731993778044 -0.193475 794
1731993778256 -0.187255 795
1731993778489 -0.161654 796
1731993778732 -0.188491 797
1731993778964 0.213957 798
1731993779196 -0.670765 799
1731993779811 -0.729903 800
1731993780021 -0.123186 801
1731993780253 -0.623968 802
1731993780483 -0.945849 803
1731993780710 -0.275854 804
1731993780934 -0.205694 805
1731993781187 -0.143246 806
1731993781395 -0.791347 807
1731993781790 -0.037496 808
1731993782012 -0.082945 809
1731993782223 0.137354 810
1731993782446 -0.073011 811
1731993782694 -0.111791 812
1731993782918 -0.186223 813
1731993783135 -0.611385 814
1731993783344 -0.952123 815
1731993783723 -0.226797 816
1731993783938 -0.142572 817
1731993784180 -0.602079 818
1731993784400 -0.053488 819
1731993784605 -0.529785 820
1731993784819 -0.656985 821
1731993785037 -0.01667 822
1731993785242 -0.140173 823
1731993785631 -1.225495 824
1731993785844 -0.661778 825
1731993786109 -0.749548 826
1731993786390 -0.080763 827
1731993786617 -0.178331 828
1731993786847 -0.156603 829
1731993787073 -0.152494 830
1731993787372 -0.097363 831
1731993787843 -0.565316 832
1731993788083 -0.567881 833
1731993788381 -0.239047 834
1731993788672 -0.113978 835
1731993788918 -0.604642 836
1731993789176 -0.534035 837
1731993789410 -0.088924 838
1731993789626 -0.557276 839
1731993790234 -0.172337 840
1731993790471 -0.206441 841
1731993790680 -0.147631 842
1731993790922 -0.102984 843
1731993791157 -0.007327 844
1731993791375 -0.045461 845
1731993791631 -0.415479 846
1731993791844 -0.194553 847
1731993792246 -0.458123 848
1731993792485 -0.552696 849
1731993792731 -0.582066 850
1731993792957 -0.971938 851
1731993793216 0.000603 852
1731993793466 -0.10669 853
1731993793727 -0.96034 854
1731993793933 -0.087459 855
1731993794315 -0.0571 856
1731993794566 -0.146318 857
1731993794780 -0.200533 858
1731993795009 0.17513 859
1731993795269 0.11093 860
1731993795482 -0.086505 861
1731993795708 -0.19552 862
1731993795941 -0.614382 863
1731993796353 -0.93869 864
1731993796577 -0.452664 865
1731993796819 -0.086257 866
1731993797034 -0.275075 867
1731993797263 -0.771289 868
1731993797524 -0.031305 869
1731993797771 0.116273 870
1731993798003 -0.126633 871
1731993798612 -0.258759 872
1731993798823 -0.490983 873
1731993799053 -0.606164 874
1731993799267 -0.049106 875
1731993799467 -0.169213 876
1731993799700 -0.172077 877
1731993799909 0.159352 878
1731993800257 -0.182948 879
1731993800624 -0.361873 880
1731993800833 0.01163 881
1731993801080 -0.004506 882
1731993801280 -0.216499 883
1731993801489 -0.560302 884
1731993801693 -0.324472 885
1731993801927 -0.502663 886
1731993802135 -0.616095 887
1731993802502 -0.028041 888
1731993802716 0.05281 889
1731993802945 -0.117247 890
1731993803163 -0.103916 891
1731993803404 -0.362249 892
1731993803650 -0.08573 893
1731993803918 0.075304 894
1731993804186 -0.364958 895
1731993804600 -0.019344 896
1731993804844 -0.036155 897
1731993805092 -0.283089 898
1731993805319 -0.030698 899
1731993805530 -0.119782 900
1731993805732 -0.277417 901
1731993805951 -0.531842 902
1731993806175 -0.233571 903
1731993806634 -0.568159 904
1731993806843 -0.161708 905
1731993807062 -0.115098 906
1731993807271 0.060447 907
1731993807504 -0.071634 908
1731993807722 -0.237542 909
1731993807923 -0.589451 910
1731993808126 0.049284 911
1731993808551 -0.884446 912
1731993808758 -0.441832 913
1731993808974 -0.675024 914
1731993809211 -0.240955 915
1731993809467 -0.998516 916
1731993809680 -0.227748 917
1731993809906 -0.185604 918
1731993810114 0.104856 919
1731993810476 -0.34398 920
1731993810753 -0.177324 921
1731993810968 -0.551938 922
1731993811190 0.023663 923
1731993811399 -0.201414 924
1731993811616 -0.593369 925
1731993811819 -0.118967 926
1731993812074 0.076021 927
1731993812593 -0.879528 928
1731993812837 -0.271816 929
1731993813051 -0.109916 930
1731993813257 -0.767619 931
1731993813509 -0.659505 932
1731993813722 0.001424 933
1731993813936 0.173181 934
1731993814164 -0.008923 935
1731993814549 -0.150537 936
1731993814846 -0.279072 937
1731993815099 -0.464104 938
1731993815359 -0.061574 939
1731993815583 -0.052869 940
1731993815795 0.007797 941
1731993816039 -0.45733 942
1731993816256 -0.714668 943
1731993816655 -0.093594 944
1731993816886 -0.305157 945
1731993817132 -0.051689 946
1731993817359 -0.23511 947
1731993817604 -0.236556 948
1731993817882 -0.330087 949
1731993818080 -0.183473 950
1731993818312 -0.418952 951
1731993818728 -0.442837 952
1731993819025 0.004618 953
1731993819261 -0.346111 954
1731993819472 0.178024 955
1731993819709 -0.183782 956
1731993819944 -0.323109 957
1731993820201 -0.38239 958
1731993820423 -0.504486 959
1731993820813 -0.436607 960
1731993821042 -0.609386 961
1731993821259 -0.180259 962
1731993821487 -0.235353 963
1731993821744 -0.50891 964
1731993821989 -0.111922 965
1731993822206 -0.227065 966
1731993822431 -0.48691 967
1731993822834 -0.689024 968
1731993823053 -0.530711 969
1731993823307 -0.166335 970
1731993823574 -0.218831 971
1731993823799 -0.025199 972
1731993824015 -0.382592 973
1731993824238 -0.043664 974
1731993824451 -0.587514 975
1731993824861 -0.672895 976
1731993825104 -0.16755 977
1731993825354 -0.05531 978
1731993825583 -0.248285 979
1731993825816 0.016972 980
1731993826151 -0.65364 981
1731993826432 -0.19129 982
1731993826656 -0.352632 983
1731993827089 -0.290486 984
1731993827307 -0.125014 985
1731993827531 -0.151953 986
1731993827763 -0.232091 987
1731993827975 -0.559107 988
1731993828207 -0.353543 989
1731993828451 -0.166298 990
1731993828688 0.044487 991
1731993829062 -0.371763 992
1731993829320 -0.605202 993
1731993829573 -0.191185 994
1731993829800 0.010479 995
1731993830007 0.108876 996
1731993830223 -0.574738 997
1731993830456 -0.449433 998
1731993830664 -0.291094 999
