1731320744582 0.278293 0
1731320745118 0.132961 1
1731320745537 -0.032686 2
1731320745948 -0.02289 3
1731320746347 -0.738564 4
1731320746734 0.145068 5
1731320747142 0.104434 6
1731320747549 -1.101278 7
1731320747959 0.082541 8
1731320748362 -0.34386 9
1731320748779 -0.894192 10
1731320749170 0.061289 11
1731320749594 -0.748324 12
1731320750018 -1.262277 13
1731320750434 -0.481802 14
1731320750830 -1.240436 15
1731320751235 -0.71154 16
1731320751647 -0.154126 17
1731320752083 -0.739949 18
1731320752487 -0.203335 19
1731320752891 -0.088353 20
1731320753284 -0.992849 21
1731320753717 -0.599405 22
1731320754150 -0.340466 23
1731320754563 0.074898 24
1731320754986 -1.07285 25
1731320755405 -0.545088 26
1731320755825 -0.218662 27
1731320756272 0.145962 28
1731320756684 -0.255977 29
1731320757095 -0.143863 30
1731320757503 -0.961629 31
1731320757903 -0.93316 32
1731320758326 -0.31353 33
1731320758710 -0.378505 34
1731320759100 0.070587 35
1731320759494 -0.332641 36
1731320759884 -0.372517 37
1731320760282 -0.05466 38
1731320760692 -0.185177 39
1731320761128 -0.970106 40
1731320761549 -0.212213 41
1731320761999 -0.115284 42
1731320762426 -0.034281 43
1731320762852 -0.197642 44
1731320763266 -0.808044 45
1731320763673 -0.214015 46
1731320764066 -0.100637 47
1731320764476 -0.034695 48
1731320764910 -0.274487 49
1731320765335 -0.091118 50
1731320765760 -0.309202 51
1731320766173 -1.017154 52
1731320766580 -0.491519 53
1731320766989 -0.44415 54
1731320767408 -0.36524 55
1731320767836 -0.204464 56
1731320768238 -0.672754 57
1731320768680 -0.343709 58
1731320769097 -0.479818 59
1731320769516 -0.427474 60
1731320769936 -0.454118 61
1731320770354 -0.414559 62
1731320770764 -0.808082 63
1731320771183 -0.326521 64
1731320771575 -0.503962 65
1731320771981 -0.912204 66
1731320772378 -0.144374 67
1731320772790 -1.060549 68
1731320773204 -0.250678 69
1731320773598 -0.411526 70
1731320774013 -1.394901 71
1731320774430 -0.902096 72
1731320774836 -0.286976 73
1731320775252 -0.70919 74
1731320775660 -1.002078 75
1731320776089 -0.216712 76
1731320776517 -1.141449 77
1731320776959 -0.413163 78
1731320777387 -0.953272 79
1731320777815 -0.213254 80
1731320778238 -1.034092 81
1731320778654 -0.347475 82
1731320779086 -0.742675 83
1731320779521 -0.397426 84
1731320779944 -1.013731 85
1731320780357 -0.331073 86
1731320780777 -0.406437 87
1731320781193 -1.066681 88
1731320781633 -0.283932 89
1731320782045 -0.602228 90
1731320782488 -0.274063 91
1731320782897 -0.543276 92
1731320783315 -0.299867 93
1731320783707 -0.57072 94
1731320784126 -0.202898 95
1731320784542 -0.101416 96
1731320784949 -0.630644 97
1731320785343 -0.330249 98
1731320785762 -0.435651 99
1731320786140 -0.485475 100
1731320786530 -1.505596 101
1731320786981 -0.101042 102
1731320787381 -0.083415 103
1731320787806 -1.616657 104
1731320788185 0.320065 105
1731320788558 -0.512533 106
1731320788936 -0.552384 107
1731320789333 -0.019738 108
1731320789735 -0.521919 109
1731320790135 0.105663 110
1731320790539 -0.025366 111
1731320790947 0.043496 112
1731320791340 -0.255575 113
1731320791718 -0.281316 114
1731320792109 -0.24886 115
1731320792485 -0.580712 116
1731320792877 -0.194205 117
1731320793302 -0.424294 118
1731320793686 -0.341235 119
1731320794052 -0.352552 120
1731320794437 -0.507093 121
1731320794823 -0.665584 122
1731320795226 -0.623658 123
1731320795616 -0.346949 124
1731320796020 -0.206236 125
1731320796411 -0.572509 126
1731320796829 -0.265491 127
1731320797220 -0.941259 128
1731320797604 -0.051868 129
1731320798000 0.025495 130
1731320798394 -0.002704 131
1731320798787 -0.095566 132
1731320799184 -0.253682 133
1731320799610 0.054631 134
1731320800005 0.120397 135
1731320800393 -1.041359 136
1731320800810 0.101 137
1731320801246 0.156758 138
1731320801674 -0.086309 139
1731320802077 -0.48556 140
1731320802469 -0.182766 141
1731320802873 -0.38895 142
1731320803271 0.013183 143
1731320803675 -0.091408 144
1731320804080 -0.075562 145
1731320804476 -0.069248 146
1731320804877 -0.475255 147
1731320805290 -0.117032 148
1731320805725 -0.122796 149
1731320806143 -0.124016 150
1731320806558 -0.175537 151
1731320806984 0.076216 152
1731320807434 -0.084398 153
1731320807884 -0.269188 154
1731320808323 -0.468815 155
1731320808735 -0.237091 156
1731320809229 -0.38024 157
1731320809687 -0.043485 158
1731320810093 -0.166278 159
1731320810515 -0.412929 160
1731320810889 -0.458314 161
1731320811290 -0.670389 162
1731320811697 -1.287928 163
1731320812115 -0.037708 164
1731320812527 -0.09816 165
1731320812902 -0.628528 166
1731320813310 -0.859598 167
1731320813714 -0.18504 168
1731320814096 -0.877098 169
1731320814493 0.034038 170
1731320814891 -0.553336 171
1731320815333 0.129407 172
1731320815763 0.062021 173
1731320816214 0.136596 174
1731320816653 -0.112259 175
1731320817111 -0.826051 176
1731320817546 -0.771132 177
1731320817940 -0.245318 178
1731320818349 0.198672 179
1731320818739 -0.061528 180
1731320819152 -0.809385 181
1731320819573 -0.893231 182
1731320819992 -0.194324 183
1731320820418 -0.309713 184
1731320820901 -0.051199 185
1731320821333 -0.086 186
1731320821763 0.00842 187
1731320822163 0.185975 188
1731320822564 -0.015246 189
1731320822972 -0.544349 190
1731320823386 -0.60594 191
1731320823779 -0.701522 192
1731320824178 -0.695883 193
1731320824583 -0.731822 194
1731320824986 0.094484 195
1731320825441 -0.715491 196
1731320825838 -0.735362 197
1731320826273 -0.057526 198
1731320826650 -0.418609 199
1731320827049 -0.011938 200
1731320827457 -0.782123 201
1731320827876 -0.079816 202
1731320828256 0.007859 203
1731320828672 -0.070753 204
1731320829068 -0.147911 205
1731320829486 -0.217844 206
1731320829888 -0.623248 207
1731320830284 -0.047552 208
1731320830701 -0.132147 209
1731320831102 -0.929846 210
1731320831512 -0.431826 211
1731320831915 -0.456771 212
1731320832337 -0.127069 213
1731320832736 -0.163141 214
1731320833141 -0.030287 215
1731320833567 -0.504688 216
1731320833959 -0.370235 217
1731320834356 -0.193152 218
1731320834745 -0.620876 219
1731320835130 -0.212057 220
1731320835526 -1.165718 221
1731320835925 -0.025658 222
1731320836328 -0.698508 223
1731320836722 -0.548701 224
1731320837120 -0.780277 225
1731320837515 0.08571 226
1731320837898 -0.138928 227
1731320838312 -0.240154 228
1731320838715 0.022276 229
1731320839134 -0.038026 230
1731320839550 -0.112392 231
1731320839955 -0.089769 232
1731320840353 -0.429986 233
1731320840769 -0.125462 234
1731320841158 0.079398 235
1731320841532 -0.520243 236
1731320841944 -0.469556 237
1731320842329 -0.130302 238
1731320842711 -0.101116 239
1731320843121 0.041174 240
1731320843539 -0.486791 241
1731320843937 -0.180225 242
1731320844329 0.000281 243
1731320844730 -0.384218 244
1731320845131 -0.467446 245
1731320845515 -0.080619 246
1731320845907 -0.07311 247
1731320846291 -0.494227 248
1731320846687 -0.189755 249
1731320847070 -0.088673 250
1731320847465 -0.155258 251
1731320847855 -0.009913 252
1731320848219 -0.982412 253
1731320848605 -0.026146 254
1731320848977 0.017711 255
1731320849362 -0.606693 256
1731320849740 -0.341495 257
1731320850129 -0.74338 258
1731320850504 -0.44039 259
1731320850880 -0.209846 260
1731320851268 -0.387423 261
1731320851675 -0.249484 262
1731320852074 -0.459499 263
1731320852468 -0.457978 264
1731320852882 -0.623457 265
1731320853285 -0.802371 266
1731320853708 -0.333529 267
1731320854125 -0.463055 268
1731320854557 -0.71683 269
1731320854964 -0.541708 270
1731320855381 -0.804636 271
1731320855788 -0.352849 272
1731320856211 -0.339977 273
1731320856655 -0.765471 274
1731320857084 -0.192758 275
1731320857518 -0.770473 276
1731320857961 -0.564824 277
1731320858372 -0.575915 278
1731320858796 -0.652286 279
1731320859215 -0.496732 280
1731320859646 -1.010683 281
1731320860043 -0.606271 282
1731320860472 -0.604033 283
1731320860886 -0.593775 284
1731320861316 -0.515602 285
1731320861758 -0.20387 286
1731320862193 -0.352602 287
1731320862598 0.051776 288
1731320863013 -0.113807 289
1731320863440 -0.281517 290
1731320863861 -0.37833 291
1731320864287 -0.161558 292
1731320864697 -0.191832 293
1731320865084 0.028843 294
1731320865460 -0.279225 295
1731320865820 -0.266303 296
1731320866211 -0.405625 297
1731320866579 -0.354524 298
1731320866954 -0.154654 299
1731320867350 0.02859 300
1731320867742 -0.44398 301
1731320868127 -0.409192 302
1731320868520 -0.183471 303
1731320868892 -0.79365 304
1731320869300 -0.635334 305
1731320869679 -0.609296 306
1731320870073 -0.917605 307
1731320870458 -0.870267 308
1731320870863 -0.118031 309
1731320871247 -0.497593 310
1731320871630 -0.174293 311
1731320872004 -0.789834 312
1731320872398 0.026379 313
1731320872786 -0.191177 314
1731320873167 0.021269 315
1731320873558 -0.269737 316
1731320873943 -0.555408 317
1731320874333 -0.795863 318
1731320874717 -0.499888 319
1731320875094 -0.080926 320
1731320875462 -0.909023 321
1731320875849 -0.289003 322
1731320876233 -0.111658 323
1731320876613 -0.250785 324
1731320877003 -0.050123 325
1731320877395 0.093793 326
1731320877815 -0.108431 327
1731320878226 -0.337591 328
1731320878629 -0.359535 329
1731320879024 -0.249921 330
1731320879438 -0.331613 331
1731320879835 0.142942 332
1731320880240 -0.212453 333
1731320880649 0.007631 334
1731320881058 -0.954523 335
1731320881435 -0.273186 336
1731320881814 -0.268654 337
1731320882203 -0.902191 338
1731320882574 -0.101458 339
1731320882951 -0.215036 340
1731320883342 -0.463046 341
1731320883714 -1.065404 342
1731320884086 -0.075054 343
1731320884460 -0.81662 344
1731320884818 -0.336714 345
1731320885205 -0.105003 346
1731320885614 -0.921654 347
1731320886010 -0.210368 348
1731320886486 -1.08876 349
1731320886874 -0.162872 350
1731320887304 -0.307698 351
1731320887698 -1.106351 352
1731320888103 -0.148415 353
1731320888516 -0.182879 354
1731320888925 -1.058804 355
1731320889312 -0.42721 356
1731320889721 -0.203853 357
1731320890103 -0.938041 358
1731320890519 -0.761595 359
1731320890903 -0.988244 360
1731320891276 -0.092038 361
1731320891705 -0.30346 362
1731320892100 -0.197802 363
1731320892501 -0.367021 364
1731320892896 -0.187031 365
1731320893305 -0.282733 366
1731320893694 -1.118225 367
1731320894102 -0.308512 368
1731320894500 -0.326513 369
1731320894902 -0.316718 370
1731320895334 -0.534854 371
1731320895726 -1.603124 372
1731320896142 -0.153071 373
1731320896542 -0.509349 374
1731320896967 -0.429961 375
1731320897386 -1.251061 376
1731320897785 -0.635103 377
1731320898188 -0.971411 378
1731320898601 -0.500272 379
1731320899024 -0.373123 380
1731320899410 -0.706436 381
1731320899802 -0.575769 382
1731320900204 -0.549891 383
1731320900607 -0.246493 384
1731320901029 -1.058947 385
1731320901457 -0.663608 386
1731320901915 -0.347237 387
1731320902311 -0.385324 388
1731320902724 -0.770477 389
1731320903132 -0.580722 390
1731320903517 -0.502509 391
1731320903918 -0.817956 392
1731320904312 -0.487635 393
1731320904696 -0.848554 394
1731320905118 -0.386493 395
1731320905531 -0.349828 396
1731320905940 -0.282652 397
1731320906337 -0.30072 398
1731320906731 -0.207913 399
1731320907122 -0.177833 400
1731320907526 -0.896641 401
1731320907911 -0.180128 402
1731320908355 -0.412934 403
1731320908804 -0.626345 404
1731320909173 -0.328081 405
1731320909568 -0.843814 406
1731320909925 -0.031661 407
1731320910325 -0.077595 408
1731320910765 0.13119 409
1731320911173 -1.164468 410
1731320911632 -0.791237 411
1731320912351 -0.445149 412
1731320912773 -0.67479 413
1731320913148 -0.438479 414
1731320913563 -0.550291 415
1731320913950 -1.083419 416
1731320914330 -0.987773 417
1731320914729 -0.717538 418
1731320915122 -0.617748 419
1731320915523 -0.32704 420
1731320915910 -0.537842 421
1731320916292 -1.124753 422
1731320916669 -0.849836 423
1731320917083 -0.62505 424
1731320917472 -0.787857 425
1731320917868 -0.455359 426
1731320918256 -0.125602 427
1731320918663 -0.098491 428
1731320919072 -0.492652 429
1731320919497 0.116551 430
1731320919903 -0.203267 431
1731320920303 -0.070957 432
1731320920695 -0.572948 433
1731320921091 -0.256949 434
1731320921499 -0.051678 435
1731320921891 -0.0452 436
1731320922285 -0.523766 437
1731320922673 0.177597 438
1731320923070 0.15989 439
1731320923474 -0.153428 440
1731320923869 -0.340333 441
1731320924285 -0.28475 442
1731320924687 -0.269383 443
1731320925078 -0.466039 444
1731320925479 -0.140448 445
1731320925884 0.171429 446
1731320926284 -0.881461 447
1731320926686 -0.627138 448
1731320927068 -0.239101 449
1731320927484 -0.187284 450
1731320927925 -0.426365 451
1731320928318 -0.749953 452
1731320928712 -0.927197 453
1731320929129 -0.345319 454
1731320929540 -0.395166 455
1731320929953 -0.201984 456
1731320930366 0.032337 457
1731320930738 -0.858556 458
1731320931195 -1.310556 459
1731320931570 -0.799147 460
1731320931956 -0.690027 461
1731320932341 -0.79793 462
1731320932767 -0.305512 463
1731320933175 -0.316267 464
1731320933598 -0.897831 465
1731320933984 -0.132501 466
1731320934386 -0.427488 467
1731320934800 -1.084679 468
1731320935218 -0.012737 469
1731320935660 -0.441994 470
1731320936068 -0.738294 471
1731320936470 -0.40652 472
1731320936891 -0.785423 473
1731320937311 -0.302312 474
1731320937706 -0.959277 475
1731320938092 -0.878649 476
1731320938508 -0.771938 477
1731320938881 -0.123493 478
1731320939268 -0.372187 479
1731320939646 -0.947631 480
1731320940023 -0.692354 481
1731320940397 -0.032396 482
1731320940837 -0.75906 483
1731320941277 -0.870292 484
1731320941765 -0.704747 485
1731320942142 -0.545524 486
1731320942577 -0.489897 487
1731320942966 -0.314215 488
1731320943334 -0.471239 489
1731320943739 -1.271384 490
1731320944112 -0.910636 491
1731320944495 -0.444304 492
1731320944888 -0.870973 493
1731320945282 -0.363139 494
1731320945679 -0.641404 495
1731320946103 -0.520214 496
1731320946558 -0.811811 497
1731320946950 -0.358164 498
1731320947342 -0.344579 499
1731320947727 -0.38931 500
1731320948103 -0.484048 501
1731320948500 -0.234693 502
1731320948904 -0.26807 503
1731320949299 -0.579574 504
1731320949674 -0.445782 505
1731320950064 -0.445267 506
1731320950440 -0.751091 507
1731320950851 0.04117 508
1731320951251 -0.381542 509
1731320951650 -0.176881 510
1731320952049 -0.156309 511
1731320952466 -0.544369 512
1731320952836 -0.677119 513
1731320953233 0.020093 514
1731320953623 -0.997679 515
1731320954035 -0.384606 516
1731320954449 -0.806139 517
1731320954819 -0.516912 518
1731320955218 -0.53316 519
1731320955602 -0.559536 520
1731320956007 -0.079144 521
1731320956381 -0.523966 522
1731320956769 -0.254562 523
1731320957141 -0.709709 524
1731320957547 -1.311512 525
1731320957921 -0.24866 526
1731320958299 -0.992435 527
1731320958675 -0.516845 528
1731320959077 -1.251203 529
1731320959451 -0.245827 530
1731320959858 -0.785767 531
1731320960249 -0.120037 532
1731320960619 -0.479796 533
1731320961058 -0.148217 534
1731320961473 -0.896993 535
1731320961860 -0.460528 536
1731320962256 -0.947346 537
1731320962645 -0.575619 538
1731320963011 -0.74819 539
1731320963427 -1.053573 540
1731320963805 -0.416817 541
1731320964179 -0.709788 542
1731320964578 -0.698847 543
1731320964967 -0.572106 544
1731320965397 -0.449363 545
1731320965789 -0.408012 546
1731320966179 -0.916811 547
1731320966629 -1.249101 548
1731320967003 -0.648595 549
1731320967458 -0.557962 550
1731320967837 -0.51869 551
1731320968245 -0.223916 552
1731320968633 -0.73487 553
1731320968997 -0.1513 554
1731320969387 -0.840511 555
1731320969763 -0.370548 556
1731320970145 -1.222931 557
1731320970529 -0.273113 558
1731320970920 -0.283417 559
1731320971305 -0.647053 560
1731320971673 -0.456579 561
1731320972053 -1.128046 562
1731320972443 -1.125371 563
1731320972827 -0.368775 564
1731320973232 -0.964693 565
1731320973635 0.021844 566
1731320973999 -0.857341 567
1731320974395 -0.466255 568
1731320974797 -0.782825 569
1731320975182 -1.214015 570
1731320975569 -0.22752 571
1731320975964 -0.329674 572
1731320976339 -1.321463 573
1731320976742 -0.142818 574
1731320977117 -1.045675 575
1731320977493 -0.382949 576
1731320977885 -0.526734 577
1731320978269 -0.16663 578
1731320978661 -1.018545 579
1731320979057 -0.364928 580
1731320979439 -0.473441 581
1731320979825 -0.225796 582
1731320980219 -0.2118 583
1731320980617 -0.757311 584
1731320980990 -0.291117 585
1731320981379 -0.112531 586
1731320981755 -0.384686 587
1731320982135 -0.525589 588
1731320982529 -1.190174 589
1731320982926 -0.742742 590
1731320983310 -0.427883 591
1731320983687 -0.399262 592
1731320984082 -0.349779 593
1731320984473 -0.373052 594
1731320984884 -0.673884 595
1731320985272 -0.683608 596
1731320985660 -0.459412 597
1731320986044 -1.079718 598
1731320986427 -1.341423 599
1731320986806 -0.686168 600
1731320987211 -1.26387 601
1731320987607 -0.11953 602
1731320987991 -1.061168 603
1731320988386 -0.261554 604
1731320988781 -0.914765 605
1731320989179 -0.086464 606
1731320989565 -0.816035 607
1731320989977 -0.078955 608
1731320990375 -0.312782 609
1731320990791 -1.469917 610
1731320991206 -0.079607 611
1731320991594 -0.24743 612
1731320991974 -0.0485 613
1731320992362 -0.262229 614
1731320992760 -1.022559 615
1731320993145 -0.241159 616
1731320993545 -0.127746 617
1731320993919 -0.321429 618
1731320994309 -1.078818 619
1731320994707 -0.16727 620
1731320995099 -0.064013 621
1731320995482 -0.396789 622
1731320995881 -0.626175 623
1731320996276 -1.307283 624
1731320996681 -0.151516 625
1731320997074 -0.264231 626
1731320997465 -1.068326 627
1731320997851 -0.237155 628
1731320998224 -0.218471 629
1731320998618 -0.314983 630
1731320999010 -0.113181 631
1731320999391 -0.561527 632
1731320999791 -0.619628 633
1731321000188 -0.528145 634
1731321000597 -0.298134 635
1731321000993 -0.611924 636
1731321001391 -1.09833 637
1731321001785 -0.790572 638
1731321002212 -0.505345 639
1731321002605 -0.117893 640
1731321003063 -0.849429 641
1731321003477 -0.953343 642
1731321003865 -0.966425 643
1731321004284 -0.30854 644
1731321004676 -0.241154 645
1731321005080 -0.185188 646
1731321005474 -0.291852 647
1731321005863 -1.254214 648
1731321006298 -0.618057 649
1731321006668 -1.025485 650
1731321007070 -0.598734 651
1731321007474 -0.113386 652
1731321007877 -0.861031 653
1731321008277 -1.288611 654
1731321008717 -0.842392 655
1731321009090 -0.584273 656
1731321009476 -0.852 657
1731321009871 -0.974329 658
1731321010260 -1.217937 659
1731321010639 -1.10879 660
1731321011035 -0.554112 661
1731321011436 -0.666817 662
1731321011873 -1.010376 663
1731321012257 -0.71803 664
1731321012656 -0.338189 665
1731321013046 -0.408256 666
1731321013427 -1.079956 667
1731321013796 -0.314369 668
1731321014234 -0.997825 669
1731321014649 -0.96699 670
1731321015056 -1.116744 671
1731321015480 -0.3446 672
1731321015891 -1.045882 673
1731321016318 -1.216875 674
1731321016699 -1.224869 675
1731321017087 -0.991289 676
1731321017506 -1.34743 677
1731321017893 -0.10019 678
1731321018292 -1.248212 679
1731321018682 -0.422728 680
1731321019118 -0.87399 681
1731321019505 -0.956819 682
1731321019951 -0.158013 683
1731321020339 -0.288828 684
1731321020738 -1.23473 685
1731321021132 -1.024563 686
1731321021523 -0.270106 687
1731321021916 -1.161259 688
1731321022324 -0.620456 689
1731321022718 -0.139299 690
1731321023143 -1.357538 691
1731321023538 -0.684124 692
1731321023939 -0.280179 693
1731321024339 -0.467571 694
1731321024728 -0.792309 695
1731321025153 -0.505424 696
1731321025577 -0.83341 697
1731321025999 -0.260531 698
1731321026414 -0.163992 699
1731321026799 -0.555238 700
1731321027208 -0.737249 701
1731321027610 -0.789502 702
1731321027993 -0.566804 703
1731321028403 -0.382807 704
1731321028785 -0.81546 705
1731321029178 -0.546976 706
1731321029561 -0.839124 707
1731321029953 -0.227166 708
1731321030367 -0.260441 709
1731321030754 -0.275545 710
1731321031156 -0.888051 711
1731321031572 -0.371206 712
1731321031992 -0.237612 713
1731321032388 -0.615653 714
1731321032779 -0.664021 715
1731321033213 -0.823109 716
1731321033612 -0.333263 717
1731321034021 -0.369801 718
1731321034402 -0.532235 719
1731321034758 -0.670352 720
1731321035148 -0.73723 721
1731321035540 -0.46816 722
1731321035965 -1.041747 723
1731321036365 -0.666882 724
1731321036771 -0.450278 725
1731321037168 -1.154211 726
1731321037558 -0.406285 727
1731321037976 -1.171359 728
1731321038395 -0.364032 729
1731321038786 -0.640632 730
1731321039182 -0.711452 731
1731321039584 -0.746037 732
1731321039974 -0.545635 733
1731321040368 -0.629029 734
1731321040764 -1.390282 735
1731321041145 -0.310226 736
1731321041571 -0.371887 737
1731321041988 -0.270692 738
1731321042407 -0.744412 739
1731321042782 -0.61436 740
1731321043197 -0.503176 741
1731321043600 -0.246953 742
1731321043981 -0.47702 743
1731321044390 -0.097764 744
1731321044787 -0.516206 745
1731321045202 0.013511 746
1731321045591 -0.840473 747
1731321045984 -0.275246 748
1731321046376 -1.224588 749
1731321046755 -0.073305 750
1731321047160 -0.110521 751
1731321047588 -0.927456 752
1731321047990 -0.232422 753
1731321048392 -0.466253 754
1731321048816 -1.027864 755
1731321049232 -0.150419 756
1731321049631 -0.767591 757
1731321050028 -1.129661 758
1731321050427 -0.355847 759
1731321050809 -0.152171 760
1731321051208 -0.339721 761
1731321051610 -0.693651 762
1731321051991 -0.575549 763
1731321052377 -0.552729 764
1731321052767 -0.565503 765
1731321053189 -0.401404 766
1731321053568 -0.731626 767
1731321053944 -0.680861 768
1731321054330 -0.407822 769
1731321054730 -0.793276 770
1731321055116 -0.663338 771
1731321055512 -0.738838 772
1731321055899 -0.899819 773
1731321056316 -0.606629 774
1731321056695 -0.43155 775
1731321057099 -0.219957 776
1731321057505 -0.536076 777
1731321057900 -0.274259 778
1731321058304 -0.151043 779
1731321058706 -0.685831 780
1731321059097 0.121563 781
1731321059521 0.08399 782
1731321059896 0.04622 783
1731321060294 -0.063227 784
1731321060662 -0.083465 785
1731321061036 -0.35661 786
1731321061446 -0.085794 787
1731321061843 -0.678018 788
1731321062252 -0.178884 789
1731321062648 -0.224766 790
1731321063031 -0.133409 791
1731321063442 -0.749714 792
1731321063812 -0.268038 793
1731321064226 -0.826587 794
1731321064619 -0.848666 795
1731321064989 -0.518392 796
1731321065401 -0.546601 797
1731321065792 -1.006801 798
1731321066177 -0.602363 799
1731321066585 -0.031282 800
1731321066993 -0.467353 801
1731321067405 -0.326405 802
1731321067829 -0.476175 803
1731321068230 -0.490251 804
1731321068628 -0.256791 805
1731321069036 -0.12283 806
1731321069432 -0.172492 807
1731321069827 -0.110309 808
1731321070209 -0.319479 809
1731321070587 -0.308589 810
1731321070965 -0.505192 811
1731321071357 -0.467596 812
1731321071739 -0.319931 813
1731321072135 -0.484436 814
1731321072533 -0.179346 815
1731321072950 -0.510556 816
1731321073349 -0.433996 817
1731321073769 -1.063899 818
1731321074175 -0.593472 819
1731321074576 -0.483219 820
1731321074976 -0.375297 821
1731321075387 -0.729362 822
1731321075752 -0.404451 823
1731321076150 -0.528607 824
1731321076539 -0.46332 825
1731321076945 -0.49078 826
1731321077373 -0.398024 827
1731321077792 -0.759636 828
1731321078181 -1.022561 829
1731321078555 -1.485862 830
1731321078935 -0.490366 831
1731321079335 -0.840685 832
1731321079737 -0.847752 833
1731321080123 -0.388308 834
1731321080515 -0.337729 835
1731321080917 -0.523 836
1731321081306 -0.222314 837
1731321081683 0.088822 838
1731321082081 -0.703676 839
1731321082475 0.197734 840
1731321082870 0.144548 841
1731321083272 -0.103018 842
1731321083660 -0.33632 843
1731321084060 -0.094209 844
1731321084441 -0.398082 845
1731321084853 -0.73856 846
1731321085255 -0.315901 847
1731321085659 0.037096 848
1731321086051 -0.190741 849
1731321086448 -1.214257 850
1731321086838 -0.710276 851
1731321087221 -0.488259 852
1731321087607 -0.141167 853
1731321088025 -0.367597 854
1731321088433 -0.683026 855
1731321088843 -0.826382 856
1731321089229 -0.115603 857
1731321089615 -0.633606 858
1731321089998 -0.792177 859
1731321090394 -0.579527 860
1731321090767 -0.533626 861
1731321091165 -0.300754 862
1731321091535 -0.445226 863
1731321092026 -0.530924 864
1731321092424 -0.240287 865
1731321092875 -0.999623 866
1731321093281 -1.224851 867
1731321093662 -0.800952 868
1731321094112 -0.636516 869
1731321094524 -0.5562 870
1731321094932 -0.453724 871
1731321095315 -0.483287 872
1731321095694 -0.448995 873
1731321096091 -0.441797 874
1731321096473 -0.620007 875
1731321096900 -0.556032 876
1731321097289 -1.308736 877
1731321097668 -0.289343 878
1731321098060 -0.417759 879
1731321098448 -0.920787 880
1731321098880 -0.107489 881
1731321099284 -0.752918 882
1731321099690 0.036254 883
1731321100070 -0.669815 884
1731321100438 -0.547213 885
1731321100878 -0.199868 886
1731321101264 -0.076477 887
1731321101647 -0.23206 888
1731321102030 -0.263105 889
1731321102423 -0.019487 890
1731321102831 -0.426302 891
1731321103270 -0.1093 892
1731321103661 -0.207573 893
1731321104064 -0.356631 894
1731321104457 -0.157797 895
1731321104847 -0.700055 896
1731321105285 -0.437401 897
1731321105666 -0.467161 898
1731321106075 -0.535408 899
1731321106471 -0.6681 900
1731321106888 -0.676598 901
1731321107273 -0.793324 902
1731321107712 -0.32374 903
1731321108091 -0.65579 904
1731321108481 -0.467906 905
1731321108848 -0.478944 906
1731321109230 -0.797209 907
1731321109627 -0.681579 908
1731321110043 -0.467285 909
1731321110452 -0.701619 910
1731321110888 -0.524777 911
1731321111284 -0.97667 912
1731321111668 -0.507683 913
1731321112065 -0.494866 914
1731321112445 -2e-06 915
1731321112864 -0.706177 916
1731321113250 0.042244 917
1731321113670 -0.06888 918
1731321114070 -0.06556 919
1731321114487 -0.826645 920
1731321114865 -0.550346 921
1731321115337 -0.561978 922
1731321115696 -0.531543 923
1731321116061 0.173054 924
1731321116439 0.130076 925
1731321116832 0.081486 926
1731321117230 0.122933 927
1731321117632 -0.883338 928
1731321118019 -0.38248 929
1731321118414 -0.49947 930
1731321118812 0.106574 931
1731321119211 -0.648832 932
1731321119602 -0.867544 933
1731321120011 -0.013216 934
1731321120437 -0.290465 935
1731321120835 -0.050549 936
1731321121215 -0.025817 937
1731321121604 0.103811 938
1731321121990 -0.143158 939
1731321122383 -0.018389 940
1731321122792 -0.07393 941
1731321123177 -0.513115 942
1731321123599 -0.066026 943
1731321123980 -0.693976 944
1731321124377 -0.151519 945
1731321124758 -0.740903 946
1731321125136 0.104391 947
1731321125591 -0.069355 948
1731321125965 -0.664167 949
1731321126399 0.186826 950
1731321126795 -0.255794 951
1731321127185 -0.688956 952
1731321127577 0.131917 953
1731321127970 -0.060471 954
1731321128383 -0.153062 955
1731321128776 -0.541673 956
1731321129182 0.038319 957
1731321129599 -0.099989 958
1731321130025 0.008348 959
1731321130419 -0.959656 960
1731321130832 -0.58669 961
1731321131233 -0.27094 962
1731321131640 -0.60535 963
1731321132035 0.064653 964
1731321132434 -0.08961 965
1731321132861 0.039394 966
1731321133232 -0.010314 967
1731321133635 -0.276791 968
1731321134035 0.011493 969
1731321134480 0.004489 970
1731321134896 -0.226527 971
1731321135320 0.099582 972
1731321135716 -0.252848 973
1731321136106 -0.518456 974
1731321136487 -0.026313 975
1731321136870 -0.025515 976
1731321137252 -0.128623 977
1731321137633 -0.846177 978
1731321138057 -0.066389 979
1731321138448 0.042265 980
1731321138874 0.16395 981
1731321139242 -0.312869 982
1731321139670 -0.898782 983
1731321140060 -0.139484 984
1731321140439 -0.597788 985
1731321140813 0.134526 986
1731321141218 0.091761 987
1731321141604 -0.068233 988
1731321142010 0.018531 989
1731321142383 -1.238223 990
1731321142756 -0.071698 991
1731321143124 -0.028933 992
1731321143535 -0.740767 993
1731321143928 -0.127283 994
1731321144357 -0.230226 995
1731321144758 -0.905549 996
1731321145172 -0.592594 997
1731321145576 -0.425228 998
1731321145971 -0.91438 999
