1731991955905 -0.06795 0
1731991956934 0.174861 1
1731991957720 0.21909 2
1731991958672 -0.020217 3
1731991959574 0.406058 4
1731991960628 0.734682 5
1731991961512 -0.069098 6
1731991962321 0.468022 7
1731991963263 0.212405 8
1731991963991 -0.191788 9
1731991964779 -0.026085 10
1731991965607 -0.026085 11
1731991966482 0.639264 12
1731991967350 -0.20242 13
1731991968298 0.492106 14
1731991969157 0.658537 15
1731991969847 0.727712 16
1731991970592 -0.093513 17
1731991971336 1.120968 18
1731991972192 -0.100969 19
1731991972975 0.594953 20
1731991973766 0.323161 21
1731991974557 -0.139183 22
1731991975248 0.452254 23
1731991976013 0.190926 24
1731991976891 0.724117 25
1731991977693 -0.05472 26
1731991978495 1.327568 27
1731991979412 0.323161 28
1731991980169 0.557519 29
1731991981020 0.139549 30
1731991981740 0.581319 31
1731991982495 0.128352 32
1731991983251 0.690105 33
1731991984065 -0.106651 34
1731991985009 0.35164 35
1731991985751 0.371252 36
1731991986400 -0.177905 37
1731991987245 0.434798 38
1731991988038 0.539176 39
1731991988915 0.361814 40
1731991989708 0.513218 41
1731991990487 -0.074562 42
1731991991383 0.233217 43
1731991992103 0.392133 44
1731991992783 0.549521 45
1731991993488 0.82542 46
1731991994271 0.336594 47
1731991994966 0.724117 48
1731991995798 -0.145428 49
1731991996800 0.145059 50
1731991997599 -0.077331 51
1731991998370 0.315243 52
1731991999151 0.8089 53
1731992000073 0.786699 54
1731992000832 0.3049 55
1731992001476 0.558183 56
1731992002199 0.49173 57
1731992003014 0.444414 58
1731992003834 0.404686 59
1731992004727 -0.20712 60
1731992005532 0.372789 61
1731992006291 0.074142 62
1731992007054 0.110157 63
1731992007807 -0.099047 64
1731992008587 0.675525 65
1731992009469 0.363108 66
1731992010138 -0.065341 67
1731992010764 0.426169 68
1731992011557 -0.16905 69
1731992012345 0.517845 70
1731992013163 0.367026 71
1731992013929 -0.00341 72
1731992014772 0.411736 73
1731992015576 0.367559 74
1731992016389 0.315719 75
1731992017112 0.514237 76
1731992017894 0.814816 77
1731992018640 0.641996 78
1731992019494 0.453859 79
1731992020246 0.294655 80
1731992021082 -0.04283 81
1731992022002 -0.16905 82
1731992022653 0.032294 83
1731992023341 0.243261 84
1731992024092 0.625609 85
1731992024852 0.459597 86
1731992025636 0.2996 87
1731992026440 0.49173 88
1731992027242 -0.120043 89
1731992028050 0.411736 90
1731992029008 0.666255 91
1731992029802 0.825947 92
1731992030601 1.191007 93
1731992031440 -0.100969 94
1731992032130 -0.020217 95
1731992032960 0.273801 96
1731992033673 0.411736 97
1731992034441 0.439655 98
1731992035266 0.690105 99
1731992036039 0.3049 100
1731992036887 0.504821 101
1731992037661 0.511172 102
1731992038471 0.420292 103
1731992039267 -0.074239 104
1731992040238 -0.05472 105
1731992040975 0.517845 106
1731992041736 0.007092 107
1731992042550 0.339074 108
1731992043369 0.147685 109
1731992044270 0.450552 110
1731992045064 0.166037 111
1731992045861 0.614931 112
1731992046690 0.371252 113
1731992047484 0.288168 114
1731992048319 0.198247 115
1731992049237 0.437711 116
1731992049986 0.36561 117
1731992050657 0.782151 118
1731992051449 -0.06795 119
1731992052263 0.718108 120
1731992052947 0.806969 121
1731992053668 0.462186 122
1731992054457 0.352722 123
1731992055225 -0.20242 124
1731992056031 -0.02007 125
1731992056676 -0.069098 126
1731992057353 1.090374 127
1731992058173 0.8089 128
1731992058948 0.487475 129
1731992059836 0.562121 130
1731992060599 0.76825 131
1731992061342 0.176146 132
1731992062142 0.373936 133
1731992062918 0.181178 134
1731992063709 0.6371 135
1731992064633 -0.132663 136
1731992065432 0.443524 137
1731992066184 0.238884 138
1731992066960 0.387299 139
1731992067769 -0.120043 140
1731992068561 0.719462 141
1731992069460 0.392133 142
1731992070268 0.902624 143
1731992070925 -0.05472 144
1731992071598 0.148172 145
1731992072349 -0.16905 146
1731992073116 -0.020217 147
1731992073954 -0.05422 148
1731992074878 -0.077801 149
1731992075628 -0.177905 150
1731992076408 0.370212 151
1731992077212 0.329573 152
1731992078046 0.744109 153
1731992078830 0.41703 154
1731992079561 0.525038 155
1731992080251 0.775404 156
1731992081072 -0.040766 157
1731992081925 0.404466 158
1731992082834 0.2996 159
1731992083561 0.806969 160
1731992084257 0.094557 161
1731992085093 -0.074239 162
1731992085925 0.367225 163
1731992086678 -0.044218 164
1731992087622 0.174363 165
1731992088386 0.114846 166
1731992089145 0.602431 167
1731992089991 -0.124652 168
1731992090764 0.244617 169
1731992091621 -0.125476 170
1731992092305 0.110157 171
1731992093094 0.535354 172
1731992093812 -0.139183 173
1731992094532 0.37008 174
1731992095129 0.535354 175
1731992095646 0.159079 176
1731992096077 -0.198449 177
1731992096504 -0.145428 178
1731992096940 0.683576 179
1731992097351 1.049357 180
1731992097750 0.309015 181
1731992098157 -0.05038 182
1731992098576 0.37008 183
1731992098981 -0.06704 184
1731992099402 0.639264 185
1731992099824 0.676768 186
1731992100218 0.238884 187
1731992100652 -0.031455 188
1731992101077 0.641262 189
1731992101517 0.658441 190
1731992101962 0.54648 191
1731992102397 0.836168 192
1731992102812 0.133294 193
1731992103248 0.761118 194
1731992103635 0.448697 195
1731992104079 -0.24302 196
1731992104518 0.739354 197
1731992104963 0.40431 198
1731992105389 -0.201996 199
1731992105769 -0.124304 200
1731992106183 -0.043773 201
1731992106593 -0.079364 202
1731992107000 0.116672 203
1731992107397 -0.179459 204
1731992107844 0.548374 205
1731992108253 0.387987 206
1731992108686 0.609097 207
1731992109084 0.366853 208
1731992109542 0.622013 209
1731992109978 0.727712 210
1731992110370 0.648179 211
1731992110782 0.392133 212
1731992111187 -0.076367 213
1731992111564 -0.044218 214
1731992111972 0.781242 215
1731992112392 0.27026 216
1731992112832 0.682706 217
1731992113244 0.684653 218
1731992113669 0.371252 219
1731992114084 0.539176 220
1731992114497 0.83639 221
1731992114919 0.532808 222
1731992115316 0.585014 223
1731992115717 0.553514 224
1731992116124 0.312283 225
1731992116558 0.548374 226
1731992117029 0.149344 227
1731992117440 0.675525 228
1731992117847 0.602431 229
1731992118285 0.387299 230
1731992118693 0.389957 231
1731992119100 0.153786 232
1731992119486 0.329573 233
1731992119881 0.765995 234
1731992120294 0.548374 235
1731992120712 0.339074 236
1731992121126 0.397537 237
1731992121666 0.622004 238
1731992122065 0.286548 239
1731992122494 0.799805 240
1731992122888 0.286548 241
1731992123311 0.147685 242
1731992123701 0.376775 243
1731992124142 0.675525 244
1731992124585 0.387299 245
1731992124997 0.674265 246
1731992125430 0.244617 247
1731992125855 0.641304 248
1731992126311 -0.124304 249
1731992126731 0.682706 250
1731992127191 0.422587 251
1731992127627 0.315243 252
1731992128065 0.238884 253
1731992128500 0.696135 254
1731992128919 0.27026 255
1731992129381 -0.04283 256
1731992129812 0.244617 257
1731992130257 0.288643 258
1731992130677 0.527794 259
1731992131099 -0.111798 260
1731992131528 0.681872 261
1731992131947 0.727712 262
1731992132375 0.434221 263
1731992132751 0.448697 264
1731992133158 -0.16905 265
1731992133566 0.67578 266
1731992133969 0.676768 267
1731992134371 0.683576 268
1731992134760 0.760954 269
1731992135143 0.763473 270
1731992135528 0.397537 271
1731992135928 0.583497 272
1731992136330 0.366853 273
1731992136742 0.824403 274
1731992137180 0.2996 275
1731992137578 0.431213 276
1731992138076 -0.276228 277
1731992138494 0.457572 278
1731992138890 0.553514 279
1731992139274 0.772353 280
1731992139665 0.696135 281
1731992140098 -0.120043 282
1731992140526 0.782151 283
1731992140922 0.6663 284
1731992141324 0.513218 285
1731992141737 -0.132663 286
1731992142167 -0.016512 287
1731992142559 -0.191788 288
1731992142955 -0.093513 289
1731992143352 0.625609 290
1731992143737 0.41703 291
1731992144162 0.861823 292
1731992144558 0.452254 293
1731992144957 0.837824 294
1731992145352 0.539176 295
1731992145747 0.339074 296
1731992146160 0.532808 297
1731992146574 0.783627 298
1731992146991 0.474723 299
1731992147386 0.302174 300
1731992147790 0.802843 301
1731992148201 0.930842 302
1731992148586 -0.198933 303
1731992148977 0.296101 304
1731992149404 0.373936 305
1731992149824 0.566153 306
1731992150260 -0.090838 307
1731992150681 -0.065341 308
1731992151087 0.609914 309
1731992151527 0.243261 310
1731992151921 0.6663 311
1731992152341 -0.072131 312
1731992152758 0.596275 313
1731992153176 0.309578 314
1731992153578 0.147685 315
1731992153967 0.775404 316
1731992154340 -0.106651 317
1731992154736 0.622004 318
1731992155144 0.739354 319
1731992155534 0.535354 320
1731992155964 1.146428 321
1731992156384 0.765995 322
1731992156778 -0.06704 323
1731992157177 0.365766 324
1731992157552 0.840278 325
1731992157970 -0.100969 326
1731992158401 0.196825 327
1731992158827 0.520515 328
1731992159250 0.174995 329
1731992159672 0.28767 330
1731992160101 -0.011239 331
1731992160501 -0.105616 332
1731992160930 -0.010578 333
1731992161363 0.317175 334
1731992161745 -0.077801 335
1731992162151 0.387987 336
1731992162541 0.402043 337
1731992162942 0.252893 338
1731992163358 -0.048468 339
1731992163765 0.928713 340
1731992164164 0.602431 341
1731992164552 -0.090838 342
1731992164950 0.117319 343
1731992165326 0.453451 344
1731992165726 0.596875 345
1731992166113 0.723994 346
1731992166484 0.514237 347
1731992166935 0.299256 348
1731992167342 -0.00341 349
1731992167767 0.434221 350
1731992168256 0.690105 351
1731992168641 0.760954 352
1731992169021 0.675525 353
1731992169431 0.211592 354
1731992169822 -0.106651 355
1731992170235 0.133294 356
1731992170678 -0.286332 357
1731992171082 0.046968 358
1731992171485 0.299256 359
1731992171892 0.123802 360
1731992172291 0.233217 361
1731992172694 0.306092 362
1731992173129 0.309578 363
1731992173566 -0.093513 364
1731992173976 0.592558 365
1731992174399 -0.06704 366
1731992174796 0.305852 367
1731992175197 0.354639 368
1731992175594 1.156065 369
1731992176024 0.723217 370
1731992176534 -0.179459 371
1731992176959 0.602431 372
1731992177405 0.786216 373
1731992177830 0.511172 374
1731992178251 0.367559 375
1731992178657 -0.090838 376
1731992179050 0.514237 377
1731992179466 -0.012112 378
1731992179867 0.704743 379
1731992180250 0.3049 380
1731992180668 0.723217 381
1731992181081 0.557519 382
1731992181505 0.668263 383
1731992181888 0.648179 384
1731992182268 0.247668 385
1731992182657 0.366853 386
1731992183049 0.323161 387
1731992183453 0.393821 388
1731992183888 0.763473 389
1731992184310 0.76825 390
1731992184755 0.411736 391
1731992185145 0.696204 392
1731992185561 0.397537 393
1731992185989 -0.00341 394
1731992186389 0.371252 395
1731992186781 0.629074 396
1731992187184 0.571265 397
1731992187581 0.411965 398
1731992187971 0.453859 399
1731992188405 0.227774 400
1731992188804 0.387299 401
1731992189203 0.648179 402
1731992189631 0.309578 403
1731992190036 0.566192 404
1731992190439 0.585014 405
1731992190860 0.674265 406
1731992191248 0.401532 407
1731992191620 0.2996 408
1731992192020 -0.111798 409
1731992192412 0.255747 410
1731992192832 0.36561 411
1731992193258 0.198247 412
1731992193661 0.82542 413
1731992194085 -0.023993 414
1731992194481 0.365766 415
1731992194848 0.49173 416
1731992195246 -0.124304 417
1731992195645 0.604394 418
1731992196036 -0.040766 419
1731992196423 0.450552 420
1731992196848 0.317176 421
1731992197296 1.13955 422
1731992197721 0.342619 423
1731992198180 1.090374 424
1731992198679 0.880277 425
1731992199122 0.962644 426
1731992199563 0.468022 427
1731992200007 0.339051 428
1731992200416 0.166037 429
1731992200830 0.634632 430
1731992201232 0.82542 431
1731992201653 0.755996 432
1731992202103 0.159079 433
1731992202530 0.681872 434
1731992202943 0.511172 435
1731992203351 0.145626 436
1731992203737 0.641262 437
1731992204130 0.305852 438
1731992204549 0.766981 439
1731992204946 -0.179492 440
1731992205335 0.620926 441
1731992205736 0.799805 442
1731992206144 0.397537 443
1731992206611 0.174861 444
1731992207028 0.323161 445
1731992207444 1.191007 446
1731992207860 0.629852 447
1731992208333 0.366853 448
1731992208782 0.471895 449
1731992209225 0.799378 450
1731992209645 0.171569 451
1731992210109 0.548374 452
1731992210554 0.439655 453
1731992211004 0.128352 454
1731992211423 0.719462 455
1731992211826 0.156179 456
1731992212224 0.468022 457
1731992212623 -0.054428 458
1731992213053 0.581319 459
1731992213458 0.765995 460
1731992213947 0.406058 461
1731992214380 0.793716 462
1731992214803 -0.00341 463
1731992215224 0.389957 464
1731992215691 0.339074 465
1731992216102 0.255747 466
1731992216506 0.294655 467
1731992216912 0.609914 468
1731992217320 0.380559 469
1731992217713 0.596275 470
1731992218156 -0.179459 471
1731992218580 -0.026085 472
1731992218983 0.602431 473
1731992219421 0.608803 474
1731992219860 0.902624 475
1731992220317 0.081591 476
1731992220778 0.683576 477
1731992221224 -0.016846 478
1731992221650 0.558183 479
1731992222088 0.029113 480
1731992222517 0.387299 481
1731992222955 -0.090838 482
1731992223463 0.944046 483
1731992223877 0.27026 484
1731992224292 -0.066707 485
1731992224717 -0.099047 486
1731992225250 0.457572 487
1731992225715 -0.099047 488
1731992226113 0.66119 489
1731992226513 0.556701 490
1731992226911 0.426169 491
1731992227363 0.551749 492
1731992227777 0.799378 493
1731992228189 0.115457 494
1731992228635 -0.144065 495
1731992229033 -0.009089 496
1731992229462 -0.012112 497
1731992229882 0.074142 498
1731992230341 0.523933 499
1731992230760 0.57661 500
1731992231183 -0.088817 501
1731992231603 -0.124652 502
1731992232096 0.457572 503
1731992232559 0.590499 504
1731992232956 0.471895 505
1731992233337 0.406058 506
1731992233757 -0.06875 507
1731992234188 0.347507 508
1731992234575 0.668564 509
1731992234980 0.366853 510
1731992235396 0.468022 511
1731992235836 0.453451 512
1731992236263 1.049987 513
1731992236679 0.115457 514
1731992237083 0.336594 515
1731992237471 0.074142 516
1731992237924 0.384908 517
1731992238324 0.147725 518
1731992238743 0.777509 519
1731992239131 0.372789 520
1731992239526 0.765995 521
1731992239975 0.810625 522
1731992240425 0.427114 523
1731992240835 0.539429 524
1731992241231 -0.06875 525
1731992241638 0.817919 526
1731992242085 0.196825 527
1731992242470 0.930842 528
1731992242873 0.514237 529
1731992243286 1.090374 530
1731992243714 0.457572 531
1731992244118 0.307437 532
1731992244526 0.212405 533
1731992244940 0.227774 534
1731992245348 0.032294 535
1731992245743 0.930842 536
1731992246168 1.090374 537
1731992246562 0.215556 538
1731992246980 0.6371 539
1731992247368 -0.02007 540
1731992247779 -0.048468 541
1731992248215 0.457572 542
1731992248648 0.439421 543
1731992249085 -0.132663 544
1731992249513 0.777509 545
1731992249948 0.641304 546
1731992250391 0.782151 547
1731992250782 0.548374 548
1731992251164 0.6663 549
1731992251543 0.215384 550
1731992251915 -0.225543 551
1731992252320 -0.132663 552
1731992252708 0.452254 553
1731992253119 0.354639 554
1731992253496 0.588272 555
1731992253905 0.609914 556
1731992254326 0.2996 557
1731992254741 0.461458 558
1731992255153 0.252893 559
1731992255565 0.588272 560
1731992255929 0.453859 561
1731992256302 -0.080439 562
1731992256704 -0.276228 563
1731992257122 -0.074239 564
1731992257540 1.085808 565
1731992257947 0.181178 566
1731992258460 0.315719 567
1731992258854 0.078616 568
1731992259281 1.049987 569
1731992259685 0.329573 570
1731992260090 0.315719 571
1731992260489 -0.058111 572
1731992260876 -0.064854 573
1731992261279 -0.231695 574
1731992261679 1.13955 575
1731992262071 -0.011239 576
1731992262483 -0.058928 577
1731992262885 0.116672 578
1731992263285 0.503205 579
1731992263681 0.376775 580
1731992264106 -0.225543 581
1731992264485 0.772353 582
1731992264899 0.174861 583
1731992265293 0.571265 584
1731992265676 -0.111798 585
1731992266076 0.029113 586
1731992266467 -0.021192 587
1731992266870 -0.076367 588
1731992267270 -0.06795 589
1731992267671 0.133258 590
1731992268089 0.352722 591
1731992268480 0.777509 592
1731992268893 0.384908 593
1731992269282 0.590499 594
1731992269672 0.305852 595
1731992270063 0.244617 596
1731992270449 0.434798 597
1731992270863 -0.231695 598
1731992271288 0.685461 599
1731992271682 0.439655 600
1731992272057 0.008074 601
1731992272466 -0.198449 602
1731992272859 0.196825 603
1731992273247 0.353858 604
1731992273652 -0.145428 605
1731992274067 0.641996 606
1731992274481 0.420292 607
1731992274885 0.817919 608
1731992275276 0.704743 609
1731992275680 0.411965 610
1731992276077 -0.077331 611
1731992276485 0.777509 612
1731992276899 0.840278 613
1731992277286 0.782151 614
1731992277674 0.658537 615
1731992278073 -0.020217 616
1731992278490 0.370212 617
1731992278877 0.489089 618
1731992279248 0.434798 619
1731992279626 0.174861 620
1731992280035 0.299256 621
1731992280422 0.548374 622
1731992280819 0.133294 623
1731992281205 0.074142 624
1731992281621 0.434798 625
1731992282014 0.548374 626
1731992282455 0.149344 627
1731992282894 -0.06875 628
1731992283291 1.14685 629
1731992283723 0.641262 630
1731992284135 0.307437 631
1731992284551 0.763473 632
1731992284978 1.090374 633
1731992285383 0.353858 634
1731992285762 -0.20242 635
1731992286156 0.557519 636
1731992286542 0.452254 637
1731992287022 -0.05472 638
1731992287393 0.51538 639
1731992287783 0.42841 640
1731992288202 0.658537 641
1731992288663 1.327568 642
1731992289114 0.311869 643
1731992289566 0.404466 644
1731992290343 0.243261 645
1731992290903 0.074142 646
1731992291384 0.602771 647
1731992291861 0.689822 648
1731992292290 0.247668 649
1731992292698 0.174363 650
1731992293102 0.573841 651
1731992293539 -0.00341 652
1731992293980 0.422587 653
1731992294401 -0.124304 654
1731992294826 0.693476 655
1731992295253 0.359985 656
1731992295659 0.230274 657
1731992296050 0.2996 658
1731992296457 -0.010578 659
1731992296874 -0.124304 660
1731992297284 0.453451 661
1731992297751 0.593343 662
1731992298174 0.634632 663
1731992298565 -0.111798 664
1731992299023 -0.231695 665
1731992299410 0.452254 666
1731992299811 -0.044218 667
1731992300237 0.549521 668
1731992300672 0.461458 669
1731992301068 -0.044044 670
1731992301482 0.311869 671
1731992301896 -0.032753 672
1731992302272 0.37008 673
1731992302658 0.317176 674
1731992303041 0.309578 675
1731992303439 0.609914 676
1731992303864 0.594953 677
1731992304285 0.110157 678
1731992304707 0.806969 679
1731992305111 0.37008 680
1731992305508 0.365766 681
1731992305943 0.33824 682
1731992306356 0.573841 683
1731992306753 0.557519 684
1731992307156 0.133258 685
1731992307567 0.140628 686
1731992308000 0.558183 687
1731992308457 1.13955 688
1731992308836 -0.088817 689
1731992309222 0.755996 690
1731992309612 0.704743 691
1731992310013 0.658441 692
1731992310405 0.361814 693
1731992310793 0.198247 694
1731992311197 0.57661 695
1731992311603 0.133294 696
1731992311975 0.443524 697
1731992312374 0.312283 698
1731992312797 0.008074 699
1731992313218 0.896778 700
1731992313617 0.761118 701
1731992314018 0.723217 702
1731992314409 0.233217 703
1731992314828 0.315243 704
1731992315279 0.315243 705
1731992315700 0.799378 706
1731992316093 0.315719 707
1731992316544 0.33824 708
1731992316981 0.527794 709
1731992317416 0.140628 710
1731992317810 0.602431 711
1731992318306 -0.06704 712
1731992318723 0.387299 713
1731992319143 0.854366 714
1731992319560 1.049357 715
1731992319985 0.251019 716
1731992320383 0.148172 717
1731992320754 0.539176 718
1731992321152 -0.066707 719
1731992321560 -0.066707 720
1731992321969 -0.06704 721
1731992322400 0.532808 722
1731992322824 0.487475 723
1731992323283 -0.00341 724
1731992323692 0.174995 725
1731992324076 0.590499 726
1731992324472 1.120968 727
1731992324930 0.153786 728
1731992325308 0.777509 729
1731992325710 -0.191788 730
1731992326085 0.336594 731
1731992326533 0.602431 732
1731992326973 0.765995 733
1731992327384 0.685461 734
1731992327799 0.761118 735
1731992328205 0.305852 736
1731992328616 0.840278 737
1731992329036 0.2996 738
1731992329446 0.286548 739
1731992329864 -0.016846 740
1731992330309 0.264532 741
1731992330718 0.336594 742
1731992331103 0.049851 743
1731992331497 0.585014 744
1731992331900 0.273801 745
1731992332304 0.568295 746
1731992332702 0.336594 747
1731992333116 0.148172 748
1731992333509 0.487475 749
1731992333896 0.411736 750
1731992334282 1.068894 751
1731992334697 -0.05422 752
1731992335081 0.629852 753
1731992335478 0.156179 754
1731992335873 -0.06795 755
1731992336252 -0.100969 756
1731992336648 0.447647 757
1731992337097 0.840278 758
1731992337495 0.786216 759
1731992337973 0.523933 760
1731992338399 0.422587 761
1731992338807 0.567124 762
1731992339235 -0.065341 763
1731992339671 0.461458 764
1731992340106 0.251019 765
1731992340524 0.568295 766
1731992340938 0.696204 767
1731992341325 -0.016512 768
1731992341738 0.664796 769
1731992342134 0.411736 770
1731992342527 0.115457 771
1731992342936 0.008074 772
1731992343369 0.313266 773
1731992343837 0.196825 774
1731992344326 0.681872 775
1731992344740 0.684653 776
1731992345156 0.144772 777
1731992345617 -0.040766 778
1731992346090 0.517845 779
1731992346519 -0.044044 780
1731992347064 0.313266 781
1731992347487 0.400426 782
1731992347877 0.739354 783
1731992348307 0.211592 784
1731992348747 -0.06795 785
1731992349144 0.287062 786
1731992349579 0.438156 787
1731992350005 0.722033 788
1731992350404 0.149344 789
1731992350801 0.443524 790
1731992351243 0.535354 791
1731992351645 -0.139183 792
1731992352052 0.2996 793
1731992352452 -0.177905 794
1731992352854 -0.048439 795
1731992353279 0.944046 796
1731992353693 0.384908 797
1731992354118 0.305852 798
1731992354516 0.51538 799
1731992354921 0.682423 800
1731992355303 0.585014 801
1731992355731 -0.009089 802
1731992356150 0.539176 803
1731992356540 -0.093513 804
1731992356917 0.42841 805
1731992357337 0.361814 806
1731992357721 0.438156 807
1731992358119 0.200345 808
1731992358523 0.356455 809
1731992358916 0.116672 810
1731992359337 0.910076 811
1731992359755 0.468022 812
1731992360179 0.366853 813
1731992360595 1.13955 814
1731992360992 0.722033 815
1731992361407 -0.106651 816
1731992361807 -0.24302 817
1731992362219 -0.106651 818
1731992362649 0.675525 819
1731992363055 0.128352 820
1731992363449 0.54648 821
1731992363876 0.35164 822
1731992364268 0.166037 823
1731992364668 -0.031455 824
1731992365071 0.352722 825
1731992365479 -0.043773 826
1731992365878 0.724117 827
1731992366317 -0.026085 828
1731992366687 0.682423 829
1731992367068 0.690105 830
1731992367488 0.227774 831
1731992367868 0.144772 832
1731992368264 -0.100969 833
1731992368676 0.190926 834
1731992369096 0.82542 835
1731992369493 0.760954 836
1731992369911 0.755996 837
1731992370317 0.400426 838
1731992370692 -0.231695 839
1731992371088 0.144772 840
1731992371478 0.620926 841
1731992371846 0.54648 842
1731992372214 0.140628 843
1731992372574 -0.06795 844
1731992372940 0.132198 845
1731992373305 0.604394 846
1731992373664 0.592558 847
1731992374031 0.66119 848
1731992374411 0.392133 849
1731992374859 -0.04283 850
1731992375272 1.146428 851
1731992375651 0.571265 852
1731992376045 0.147725 853
1731992376462 0.420292 854
1731992376885 0.176146 855
1731992377328 0.631924 856
1731992377742 0.174861 857
1731992378143 0.139549 858
1731992378566 0.814816 859
1731992378969 0.139549 860
1731992379369 0.551749 861
1731992379801 0.471895 862
1731992380167 0.67578 863
1731992380552 0.029113 864
1731992380974 0.609914 865
1731992381359 0.539429 866
1731992381743 0.946089 867
1731992382252 -0.066707 868
1731992382669 0.928713 869
1731992383036 -0.064854 870
1731992383433 0.861823 871
1731992383814 0.101208 872
1731992384187 -0.072131 873
1731992384610 0.810625 874
1731992385022 -0.06795 875
1731992385452 0.211592 876
1731992385826 -0.100969 877
1731992386245 0.763473 878
1731992386661 0.366853 879
1731992387048 0.339051 880
1731992387447 0.817919 881
1731992387837 0.648179 882
1731992388246 -0.099176 883
1731992388666 0.37008 884
1731992389049 0.230274 885
1731992389455 0.532808 886
1731992389870 0.145626 887
1731992390289 0.196825 888
1731992390663 0.487475 889
1731992391069 0.434798 890
1731992391452 0.315719 891
1731992391871 0.739354 892
1731992392253 0.722141 893
1731992392645 0.722033 894
1731992393046 -0.106651 895
1731992393421 0.115457 896
1731992393846 0.306092 897
1731992394227 0.553514 898
1731992394610 0.078616 899
1731992395042 0.766981 900
1731992395430 0.532808 901
1731992395870 0.385404 902
1731992396237 0.76825 903
1731992396647 0.497766 904
1731992397036 0.399432 905
1731992397415 -0.090838 906
1731992397802 0.139549 907
1731992398230 0.37008 908
1731992398632 -0.125476 909
1731992399037 0.910076 910
1731992399431 -0.198449 911
1731992399873 0.247668 912
1731992400276 0.153786 913
1731992400767 0.110157 914
1731992401150 0.406058 915
1731992401556 0.37008 916
1731992401966 0.944046 917
1731992402450 0.668263 918
1731992402838 0.215384 919
1731992403256 0.873433 920
1731992403668 0.317175 921
1731992404074 -0.044044 922
1731992404480 0.281344 923
1731992404892 0.689822 924
1731992405275 0.313266 925
1731992405663 0.668564 926
1731992406058 0.57701 927
1731992406462 -0.06704 928
1731992406875 0.174861 929
1731992407264 0.508275 930
1731992407637 0.315719 931
1731992408027 -0.24302 932
1731992408479 0.459597 933
1731992408859 -0.058928 934
1731992409234 0.046968 935
1731992409639 0.641304 936
1731992410067 0.602771 937
1731992410484 0.434798 938
1731992410899 -0.179459 939
1731992411320 0.029113 940
1731992411723 0.439655 941
1731992412156 0.553514 942
1731992412567 0.513218 943
1731992412996 0.393821 944
1731992413446 0.689822 945
1731992413944 -0.05038 946
1731992414349 -0.065161 947
1731992414721 0.514237 948
1731992415110 0.562121 949
1731992415515 0.367225 950
1731992415925 0.049851 951
1731992416316 0.685461 952
1731992416701 0.57701 953
1731992417137 0.147 954
1731992417574 0.176146 955
1731992418010 0.664796 956
1731992418444 -0.011239 957
1731992418867 0.799805 958
1731992419276 0.046968 959
1731992419651 0.487475 960
1731992420107 0.592558 961
1731992420544 0.156179 962
1731992420930 0.631924 963
1731992421356 0.648179 964
1731992421725 0.531313 965
1731992422115 0.291292 966
1731992422504 0.147471 967
1731992422895 0.367752 968
1731992423255 -0.162291 969
1731992423648 -0.214188 970
1731992424011 0.854366 971
1731992424407 0.30276 972
1731992424819 -0.085589 973
1731992425237 0.139549 974
1731992425639 -0.120043 975
1731992426017 0.718108 976
1731992426390 0.174363 977
1731992426821 0.361814 978
1731992427217 0.76825 979
1731992427612 0.115457 980
1731992428023 0.535354 981
1731992428421 -0.048439 982
1731992428849 0.356455 983
1731992429228 0.145274 984
1731992429607 -0.023993 985
1731992430048 -0.065341 986
1731992430437 -0.125476 987
1731992430838 0.233217 988
1731992431220 0.814816 989
1731992431639 -0.044044 990
1731992432040 0.352722 991
1731992432452 0.238884 992
1731992432864 -0.16905 993
1731992433245 0.634632 994
1731992433641 0.228423 995
1731992434070 -0.198449 996
1731992434460 -0.00341 997
1731992434882 0.078616 998
1731992435261 0.392133 999
