1731313620982 -0.578678 0
1731313621402 -1.016843 1
1731313621691 -0.007081 2
1731313621986 -0.572893 3
1731313622217 -0.81899 4
1731313622473 -1.141311 5
1731313622762 -0.731633 6
1731313623013 -0.166661 7
1731313623248 -0.547187 8
1731313623507 -0.089257 9
1731313623724 -0.425988 10
1731313623999 -0.471125 11
1731313624244 0.044543 12
1731313624523 -0.231122 13
1731313624763 0.021325 14
1731313624981 -0.546319 15
1731313625208 -0.101221 16
1731313625414 -0.239563 17
1731313625613 -0.466331 18
1731313625828 -0.297855 19
1731313626063 -0.318975 20
1731313626268 -0.214021 21
1731313626459 -0.013791 22
1731313626636 -0.360681 23
1731313626834 -0.185803 24
1731313627025 -0.14282 25
1731313627213 -0.140827 26
1731313627419 -0.17185 27
1731313627629 -0.494127 28
1731313627865 -0.160746 29
1731313628073 -0.309341 30
1731313628297 -0.116958 31
1731313628521 -0.314417 32
1731313628763 -0.266582 33
1731313628986 -0.23507 34
1731313629199 0.035578 35
1731313629434 -0.031197 36
1731313629642 -0.265936 37
1731313629846 -0.005864 38
1731313630027 -0.247998 39
1731313630294 0.16675 40
1731313630505 -0.079558 41
1731313630697 -0.405064 42
1731313630912 -0.662857 43
1731313631113 -0.121924 44
1731313631339 -0.19361 45
1731313631524 -0.091543 46
1731313631713 0.05459 47
1731313631902 -0.14617 48
1731313632098 -0.162293 49
1731313632268 -0.342143 50
1731313632461 -0.306989 51
1731313632680 -0.49867 52
1731313632880 -0.188654 53
1731313633068 -0.153221 54
1731313633267 -0.153553 55
1731313633492 -0.258631 56
1731313633690 0.024297 57
1731313633895 -0.551183 58
1731313634104 -0.207497 59
1731313634289 -0.072853 60
1731313634496 0.009614 61
1731313634723 -0.046059 62
1731313634908 -0.417557 63
1731313635091 -0.216795 64
1731313635307 0.394427 65
1731313635509 -0.234765 66
1731313635718 -0.050272 67
1731313635896 -0.130723 68
1731313636107 -0.293733 69
1731313636293 0.024058 70
1731313636483 -0.711359 71
1731313636699 -0.049568 72
1731313636912 0.243657 73
1731313637119 -0.1507 74
1731313637342 0.096738 75
1731313637536 0.166728 76
1731313637717 -0.063851 77
1731313637908 -0.126122 78
1731313638153 -0.099119 79
1731313638343 -0.039789 80
1731313638534 -0.085108 81
1731313638762 -0.06582 82
1731313639001 -0.668414 83
1731313639198 0.000687 84
1731313639414 -0.210911 85
1731313639629 -0.244331 86
1731313639831 -0.219647 87
1731313640033 -0.456873 88
1731313640256 0.02425 89
1731313640460 -0.208394 90
1731313640661 -0.18649 91
1731313640847 -0.112183 92
1731313641068 -0.330865 93
1731313641276 -0.060412 94
1731313641467 -0.597138 95
1731313641664 -0.008307 96
1731313641853 0.174685 97
1731313642045 -0.256373 98
1731313642259 -0.083385 99
1731313642454 0.015147 100
1731313642649 -0.274193 101
1731313642873 -0.20858 102
1731313643072 -0.516236 103
1731313643273 -0.228476 104
1731313643490 -0.254575 105
1731313643725 -0.336471 106
1731313643931 -0.175456 107
1731313644180 -0.375374 108
1731313644382 -0.125741 109
1731313644612 -0.415047 110
1731313644847 -0.225837 111
1731313645046 -0.472636 112
1731313645294 -0.607165 113
1731313645506 0.053141 114
1731313645686 -0.285226 115
1731313645918 -0.355914 116
1731313646135 -0.16972 117
1731313646346 -0.417358 118
1731313646559 0.012962 119
1731313646768 -0.428582 120
1731313646974 -0.052217 121
1731313647201 -0.105724 122
1731313647442 -0.203532 123
1731313647652 -0.665379 124
1731313647870 -0.469594 125
1731313648077 -0.419236 126
1731313648277 -0.187105 127
1731313648462 -0.025224 128
1731313648650 -0.213983 129
1731313648848 -0.33138 130
1731313649066 -0.43179 131
1731313649279 -0.55265 132
1731313649469 -0.121237 133
1731313649695 -0.003354 134
1731313649903 -0.39951 135
1731313650124 -0.599632 136
1731313650324 -0.076682 137
1731313650539 -0.376409 138
1731313650778 -0.205617 139
1731313650977 -0.132389 140
1731313651202 -0.427635 141
1731313651439 -0.44979 142
1731313651662 -0.341781 143
1731313651882 -0.151435 144
1731313652082 -0.039341 145
1731313652294 -0.1367 146
1731313652467 -0.154006 147
1731313652682 -0.417544 148
1731313652897 -0.091502 149
1731313653100 0.034939 150
1731313653301 -0.379975 151
1731313653526 0.043766 152
1731313653705 -0.277791 153
1731313653938 -0.311543 154
1731313654179 -0.174635 155
1731313654431 -0.074511 156
1731313654662 -0.14702 157
1731313654937 0.001082 158
1731313655159 -0.177802 159
1731313655401 -0.526495 160
1731313655631 -0.086519 161
1731313655835 -0.504248 162
1731313656049 -0.083894 163
1731313656272 -0.226333 164
1731313656468 -0.393048 165
1731313656686 -0.214789 166
1731313656890 -0.06254 167
1731313657106 -0.126429 168
1731313657297 -0.115146 169
1731313657533 -0.078092 170
1731313657767 -0.540771 171
1731313658019 -0.276808 172
1731313658220 -0.26711 173
1731313658469 -0.321377 174
1731313658694 -0.328515 175
1731313658888 -0.539885 176
1731313659081 -0.26699 177
1731313659298 -0.33302 178
1731313659480 -0.534334 179
1731313659700 -0.123089 180
1731313659930 -0.550165 181
1731313660134 -0.354659 182
1731313660416 0.047403 183
1731313660629 -0.235767 184
1731313660847 0.471702 185
1731313661054 -0.121983 186
1731313661277 0.089229 187
1731313661527 -0.141237 188
1731313661771 -0.29916 189
1731313661969 -0.20707 190
1731313662163 -0.609197 191
1731313662360 -0.279855 192
1731313662551 -0.115835 193
1731313662745 -0.485796 194
1731313662921 -0.135149 195
1731313663104 -0.27216 196
1731313663287 -0.03101 197
1731313663470 -0.163431 198
1731313663715 -0.118554 199
1731313663901 -0.051961 200
1731313664203 -0.175507 201
1731313664451 -0.344816 202
1731313664687 -0.358556 203
1731313664914 -0.524087 204
1731313665133 -0.144426 205
1731313665359 -0.049609 206
1731313665541 -0.266792 207
1731313665738 -0.030079 208
1731313665938 -0.285601 209
1731313666131 -0.162469 210
1731313666328 0.131376 211
1731313666550 -0.556288 212
1731313666711 -0.548184 213
1731313666898 -0.319034 214
1731313667130 -0.29645 215
1731313667338 -0.399537 216
1731313667562 -0.135714 217
1731313667814 -0.092959 218
1731313668052 -0.137426 219
1731313668241 -0.108039 220
1731313668451 -0.510929 221
1731313668639 -0.213543 222
1731313668832 -0.378342 223
1731313669064 -0.023859 224
1731313669269 -0.06096 225
1731313669469 -0.032561 226
1731313669684 -0.066161 227
1731313669934 -0.31059 228
1731313670189 -0.906098 229
1731313670410 -0.432145 230
1731313670596 -0.215783 231
1731313670803 -0.131628 232
1731313670997 -0.592614 233
1731313671233 -0.048033 234
1731313671450 -0.069683 235
1731313671631 -0.222904 236
1731313671825 -0.365228 237
1731313672103 -0.420641 238
1731313672356 -0.24396 239
1731313672687 -0.195721 240
1731313672928 0.031013 241
1731313673151 -0.097845 242
1731313673373 -0.666094 243
1731313673603 -0.164467 244
1731313673870 0.007424 245
1731313674067 -0.483607 246
1731313674258 -0.39373 247
1731313674448 -0.01444 248
1731313674649 -0.185472 249
1731313674827 0.027607 250
1731313675009 -0.104997 251
1731313675235 -0.206275 252
1731313675435 0.279495 253
1731313675683 -0.681391 254
1731313675921 -0.168908 255
1731313676129 -0.417314 256
1731313676345 -0.423071 257
1731313676582 0.036638 258
1731313676802 0.111077 259
1731313677085 -0.180456 260
1731313677327 -0.109413 261
1731313677556 -0.554327 262
1731313677771 -0.475391 263
1731313678046 -0.709401 264
1731313678262 -0.814769 265
1731313678518 -0.321007 266
1731313678748 -0.043684 267
1731313678981 0.019211 268
1731313679203 -0.196515 269
1731313679413 -0.043977 270
1731313679633 -0.272423 271
1731313679875 -0.007068 272
1731313680080 -0.271111 273
1731313680295 -0.34307 274
1731313680506 0.151538 275
1731313680711 -0.267682 276
1731313680903 -0.793188 277
1731313681091 -0.531595 278
1731313681299 -0.307673 279
1731313681527 -0.418861 280
1731313681768 -0.721843 281
1731313682023 0.090579 282
1731313682209 -0.477939 283
1731313682401 -0.097185 284
1731313682581 -0.91401 285
1731313682766 -0.577676 286
1731313682992 0.047162 287
1731313683177 -0.077843 288
1731313683366 0.006002 289
1731313683571 -0.037203 290
1731313683798 -0.094344 291
1731313683982 -0.338391 292
1731313684216 0.14121 293
1731313684456 -0.282205 294
1731313684674 -0.014446 295
1731313684864 -0.077309 296
1731313685078 -0.039929 297
1731313685312 -0.354203 298
1731313685536 -0.088969 299
1731313685742 -0.44589 300
1731313685918 -0.33373 301
1731313686173 0.277469 302
1731313686380 -0.348678 303
1731313686561 -0.603024 304
1731313686805 -0.259488 305
1731313687036 0.091979 306
1731313687225 -0.183205 307
1731313687449 -0.618395 308
1731313687714 -0.600171 309
1731313688002 -0.036056 310
1731313688255 0.086858 311
1731313688474 -0.167972 312
1731313688768 -0.071786 313
1731313689048 -0.09339 314
1731313689285 -0.179156 315
1731313689522 -0.170835 316
1731313689741 -0.453292 317
1731313689961 0.11845 318
1731313690170 -0.480926 319
1731313690374 -0.454445 320
1731313690575 -0.557661 321
1731313690815 -0.079964 322
1731313691006 -0.050986 323
1731313691202 -0.14933 324
1731313691419 -0.160612 325
1731313691607 -0.35318 326
1731313691823 -0.308172 327
1731313692015 -0.264499 328
1731313692195 -0.305973 329
1731313692388 -0.512442 330
1731313692595 -0.203717 331
1731313692811 -0.041562 332
1731313693031 -0.045421 333
1731313693213 -0.124308 334
1731313693477 -0.455145 335
1731313693697 -0.242427 336
1731313693900 -0.234031 337
1731313694124 -0.065877 338
1731313694358 -0.124494 339
1731313694560 -0.120786 340
1731313694805 -0.296346 341
1731313695067 -0.186633 342
1731313695305 -0.503365 343
1731313695497 -0.72817 344
1731313695734 0.124216 345
1731313695947 -0.744824 346
1731313696159 -0.050579 347
1731313696375 -0.530857 348
1731313696553 -0.105959 349
1731313696782 -0.109328 350
1731313697003 -0.46107 351
1731313697208 -0.636074 352
1731313697430 -0.112053 353
1731313697645 -0.057164 354
1731313697917 -0.18362 355
1731313698138 -0.37741 356
1731313698367 -0.322487 357
1731313698611 -0.183235 358
1731313698868 -0.105068 359
1731313699096 -0.519248 360
1731313699290 -0.022853 361
1731313699516 -0.220425 362
1731313699785 -0.39002 363
1731313699997 -0.242674 364
1731313700242 -0.465878 365
1731313700439 -0.117531 366
1731313700708 -0.121142 367
1731313700968 -0.122193 368
1731313701169 -0.207798 369
1731313701391 0.027093 370
1731313701637 0.269807 371
1731313701856 -0.134223 372
1731313702108 -0.42353 373
1731313702322 -0.334075 374
1731313702552 -0.466054 375
1731313702766 -0.187682 376
1731313702993 -0.374556 377
1731313703275 -0.13683 378
1731313703506 -0.686612 379
1731313703797 -0.242062 380
1731313704041 -0.043255 381
1731313704258 -0.41773 382
1731313704506 -0.636612 383
1731313704743 -0.119073 384
1731313704975 -0.004109 385
1731313705169 -0.414139 386
1731313705370 -0.106097 387
1731313705583 -0.104572 388
1731313705786 -0.293568 389
1731313705986 -0.150097 390
1731313706206 -0.751005 391
1731313706430 -0.579402 392
1731313706639 -0.065728 393
1731313706886 -0.774704 394
1731313707153 -0.230096 395
1731313707414 -0.030553 396
1731313707667 -0.301032 397
1731313707915 -0.082564 398
1731313708149 -0.163938 399
1731313708345 -0.385479 400
1731313708548 -0.543767 401
1731313708739 -0.071228 402
1731313708948 -0.34293 403
1731313709178 -0.312354 404
1731313709403 0.061115 405
1731313709600 -0.034872 406
1731313709790 -0.440676 407
1731313709992 -0.322944 408
1731313710214 -0.278304 409
1731313710430 -0.180146 410
1731313710658 -0.248905 411
1731313710905 -0.067921 412
1731313711116 -0.26292 413
1731313711349 -0.232882 414
1731313711548 -0.020641 415
1731313711762 0.010354 416
1731313711962 -0.03743 417
1731313712195 -0.123392 418
1731313712439 -0.57532 419
1731313712719 -0.226825 420
1731313712997 -0.05046 421
1731313713211 -0.083987 422
1731313713455 -0.392606 423
1731313713688 0.214206 424
1731313713929 -0.27536 425
1731313714113 -0.014262 426
1731313714318 -0.374519 427
1731313714560 -0.201975 428
1731313714796 -0.578189 429
1731313714975 -0.098308 430
1731313715194 -0.502862 431
1731313715408 -0.522449 432
1731313715618 -0.096761 433
1731313715824 -0.333024 434
1731313716022 -0.313998 435
1731313716266 -0.615057 436
1731313716465 -0.154224 437
1731313716699 -0.122841 438
1731313716881 -0.248023 439
1731313717071 -0.367693 440
1731313717292 0.020379 441
1731313717524 -0.590057 442
1731313717745 -0.075444 443
1731313717961 -0.318072 444
1731313718232 -0.21298 445
1731313718525 -0.307231 446
1731313718839 -0.061019 447
1731313719107 -0.119518 448
1731313719362 -0.284915 449
1731313719562 -0.254837 450
1731313719802 -0.217097 451
1731313720027 -0.588633 452
1731313720222 -0.519639 453
1731313720475 -0.262462 454
1731313720709 -0.15061 455
1731313720952 -0.291917 456
1731313721194 -0.39016 457
1731313721457 -0.341916 458
1731313721710 -0.244828 459
1731313721897 -0.6656 460
1731313722136 -0.192476 461
1731313722375 -0.497405 462
1731313722607 -0.140247 463
1731313722826 -0.429265 464
1731313723029 0.009971 465
1731313723229 -0.81164 466
1731313723443 -0.047567 467
1731313723704 -0.045271 468
1731313723976 -0.095131 469
1731313724232 -0.167913 470
1731313724504 -0.486314 471
1731313724719 -0.020259 472
1731313724964 -0.195241 473
1731313725225 -0.297147 474
1731313725415 -0.50847 475
1731313725639 -0.249901 476
1731313725863 -0.507452 477
1731313726078 -0.162253 478
1731313726273 -0.326062 479
1731313726502 -0.149863 480
1731313726792 -0.211801 481
1731313727027 -0.009298 482
1731313727224 -0.12081 483
1731313727457 -0.383702 484
1731313727687 -0.317687 485
1731313727939 -0.372529 486
1731313728128 -0.264525 487
1731313728343 -0.658769 488
1731313728553 -0.150326 489
1731313728821 -0.180598 490
1731313729042 -0.312251 491
1731313729264 -0.251225 492
1731313729460 -0.130078 493
1731313729676 -0.888652 494
1731313729895 -0.077263 495
1731313730155 -0.128438 496
1731313730366 -0.21907 497
1731313730588 -0.604632 498
1731313730856 -0.031612 499
1731313731124 -0.676495 500
1731313731386 -0.135726 501
1731313731650 -0.283692 502
1731313731871 -0.229824 503
1731313732133 -0.047146 504
1731313732354 -0.411689 505
1731313732557 -0.692088 506
1731313732791 -0.607036 507
1731313733087 -0.186892 508
1731313733312 -0.489508 509
1731313733599 -0.652301 510
1731313733897 -0.666712 511
1731313734117 -0.197724 512
1731313734371 -0.383836 513
1731313734569 -0.009867 514
1731313734794 -0.163817 515
1731313735027 -0.117259 516
1731313735287 -0.669378 517
1731313735523 -0.302149 518
1731313735796 -0.472701 519
1731313736017 -0.209406 520
1731313736230 -0.278595 521
1731313736503 -0.589921 522
1731313736710 -0.139522 523
1731313736953 -0.407634 524
1731313737180 -0.107933 525
1731313737404 -0.103888 526
1731313737652 -0.589257 527
1731313737917 -0.299973 528
1731313738123 -0.206598 529
1731313738299 0.031937 530
1731313738540 0.004222 531
1731313738772 -0.622187 532
1731313739002 -0.150754 533
1731313739263 0.13695 534
1731313739492 0.041114 535
1731313739746 -0.266695 536
1731313739975 -0.62578 537
1731313740204 -0.363117 538
1731313740467 -0.416156 539
1731313740693 -0.057815 540
1731313740932 -0.114837 541
1731313741160 -0.218105 542
1731313741419 -0.118111 543
1731313741628 0.00176 544
1731313741868 -0.287436 545
1731313742080 -1.043176 546
1731313742267 -0.320645 547
1731313742505 -0.566156 548
1731313742736 -0.711904 549
1731313742938 0.072473 550
1731313743188 -0.063747 551
1731313743473 -0.203001 552
1731313743701 -0.322901 553
1731313743927 -0.371532 554
1731313744108 -0.29402 555
1731313744323 -0.272483 556
1731313744521 -0.307902 557
1731313744741 -0.255928 558
1731313744957 -0.308772 559
1731313745205 -0.692618 560
1731313745433 -0.415137 561
1731313745690 -0.307777 562
1731313745967 -0.010749 563
1731313746374 -0.542679 564
1731313746558 -0.189292 565
1731313746763 -0.197855 566
1731313746980 -0.135219 567
1731313747153 -0.102542 568
1731313747421 -0.614405 569
1731313747634 -0.029616 570
1731313747873 -0.201502 571
1731313748079 -0.222348 572
1731313748325 -0.306375 573
1731313748539 -0.056317 574
1731313748823 -0.124035 575
1731313749027 -0.333495 576
1731313749243 -0.040428 577
1731313749504 -0.051254 578
1731313749723 -0.198734 579
1731313749965 0.052658 580
1731313750241 -0.005619 581
1731313750502 -0.168843 582
1731313750748 -0.289137 583
1731313750999 -0.295363 584
1731313751229 -0.336078 585
1731313751411 -0.866554 586
1731313751654 0.065363 587
1731313751890 -0.329175 588
1731313752115 -0.0593 589
1731313752314 -0.176829 590
1731313752505 -0.304383 591
1731313752703 -0.194809 592
1731313752967 -0.566054 593
1731313753169 0.179047 594
1731313753432 -0.141615 595
1731313753632 -0.418319 596
1731313753835 -0.67226 597
1731313754045 -0.024747 598
1731313754294 -0.228213 599
1731313754549 -0.253698 600
1731313754768 -0.441319 601
1731313755024 -0.760435 602
1731313755262 -0.259096 603
1731313755501 -0.202824 604
1731313755787 -0.398076 605
1731313756048 0.026211 606
1731313756300 -0.034225 607
1731313756525 0.048426 608
1731313756765 -0.633323 609
1731313756998 0.158697 610
1731313757247 -0.054768 611
1731313757455 -0.631196 612
1731313757730 -0.499033 613
1731313757995 -0.24318 614
1731313758246 -0.130834 615
1731313758553 -0.003289 616
1731313758816 -0.607125 617
1731313759079 -0.621859 618
1731313759333 -0.055872 619
1731313759527 -0.041434 620
1731313759746 -0.054006 621
1731313759955 0.086468 622
1731313760154 -0.198193 623
1731313760355 -0.190332 624
1731313760580 -0.531647 625
1731313760816 -0.070795 626
1731313761026 -0.743927 627
1731313761230 -0.051057 628
1731313761477 -0.168854 629
1731313761677 -0.075932 630
1731313761907 -0.380657 631
1731313762139 -0.054117 632
1731313762361 -0.82839 633
1731313762571 -0.276588 634
1731313762767 -0.254175 635
1731313762986 -0.315051 636
1731313763252 -0.498192 637
1731313763484 -0.114914 638
1731313763740 -0.314476 639
1731313763951 -0.349231 640
1731313764200 -0.304234 641
1731313764426 0.151663 642
1731313764654 -0.223728 643
1731313764880 -0.493809 644
1731313765130 -0.289974 645
1731313765346 -0.097819 646
1731313765582 -0.135874 647
1731313765871 -0.188106 648
1731313766110 -0.242188 649
1731313766356 -0.448514 650
1731313766615 -0.190886 651
1731313766856 0.068256 652
1731313767048 -0.226452 653
1731313767266 -0.269795 654
1731313767483 -0.682835 655
1731313767725 -0.133375 656
1731313767973 -0.181978 657
1731313768209 -0.160273 658
1731313768536 -0.321913 659
1731313768774 -0.844723 660
1731313769046 -0.254509 661
1731313769273 -0.226556 662
1731313769487 0.094278 663
1731313769689 0.139333 664
1731313769889 -0.355679 665
1731313770091 -0.029389 666
1731313770347 -0.190242 667
1731313770589 -0.028491 668
1731313770835 -0.192616 669
1731313771059 -0.175987 670
1731313771292 0.00083 671
1731313771562 0.081637 672
1731313771784 -0.004092 673
1731313772043 -0.179043 674
1731313772275 -0.015028 675
1731313772573 -0.106641 676
1731313772845 -0.539731 677
1731313773114 -0.087916 678
1731313773373 -0.357067 679
1731313773576 -0.055545 680
1731313773794 -0.099486 681
1731313773987 -0.169964 682
1731313774230 -0.117349 683
1731313774449 -0.144895 684
1731313774679 -0.466118 685
1731313774930 -0.060044 686
1731313775189 -0.162512 687
1731313775454 -0.593425 688
1731313775727 -0.20922 689
1731313776000 -0.271586 690
1731313776241 -0.362262 691
1731313776548 -0.318684 692
1731313776771 -0.323843 693
1731313776981 -0.152413 694
1731313777155 -0.295308 695
1731313777349 -0.358665 696
1731313777555 -0.644856 697
1731313777757 0.059661 698
1731313777947 -0.445771 699
1731313778142 -0.390052 700
1731313778342 -0.002808 701
1731313778599 0.080094 702
1731313778810 -0.252777 703
1731313779007 -0.417207 704
1731313779189 -0.557361 705
1731313779431 -0.012479 706
1731313779689 -0.466008 707
1731313779920 -0.060599 708
1731313780188 -0.029961 709
1731313780408 -0.188919 710
1731313780650 -0.147099 711
1731313780909 -0.243153 712
1731313781178 -0.121434 713
1731313781471 -0.222773 714
1731313781790 -0.026439 715
1731313782039 -0.293451 716
1731313782320 -0.147675 717
1731313782575 -0.068045 718
1731313782829 -0.279037 719
1731313783056 -0.121718 720
1731313783341 -0.394424 721
1731313783560 -0.221693 722
1731313783802 -0.710398 723
1731313784027 -0.170907 724
1731313784255 0.108047 725
1731313784519 -0.220589 726
1731313784799 -0.175938 727
1731313785055 -0.235985 728
1731313785298 -0.190973 729
1731313785552 -0.008756 730
1731313785855 -0.872958 731
1731313786069 -0.831404 732
1731313786304 0.021498 733
1731313786517 -0.013859 734
1731313786726 -0.119289 735
1731313786956 -0.163757 736
1731313787162 -0.578521 737
1731313787413 -0.124192 738
1731313787640 -0.191684 739
1731313787862 -0.343636 740
1731313788071 -0.256503 741
1731313788265 -0.05614 742
1731313788514 -0.105103 743
1731313788752 -0.36414 744
1731313788975 -0.56957 745
1731313789258 -0.364453 746
1731313789492 -0.058361 747
1731313789732 -0.091561 748
1731313789965 -0.158189 749
1731313790189 -0.137249 750
1731313790396 -0.635352 751
1731313790658 -0.607033 752
1731313790912 -0.175899 753
1731313791155 -0.050908 754
1731313791416 -0.361659 755
1731313791734 -0.183019 756
1731313791974 -0.02148 757
1731313792215 -0.056742 758
1731313792449 -0.312066 759
1731313792688 -0.655162 760
1731313792917 -0.485107 761
1731313793107 -0.516393 762
1731313793320 -0.217214 763
1731313793537 -0.556847 764
1731313793755 -0.133658 765
1731313793991 -0.430235 766
1731313794188 -0.098338 767
1731313794388 -0.91556 768
1731313794648 -0.417255 769
1731313794959 -0.233908 770
1731313795243 -0.259751 771
1731313795498 -0.699808 772
1731313795717 0.202607 773
1731313795918 -0.426465 774
1731313796126 -0.001565 775
1731313796341 -0.735215 776
1731313796565 -0.124431 777
1731313796819 -1.225169 778
1731313797079 -0.05656 779
1731313797366 -0.579133 780
1731313797610 0.041058 781
1731313797878 -0.386155 782
1731313798111 -0.584723 783
1731313798352 -0.766265 784
1731313798641 -0.316775 785
1731313798908 -0.183183 786
1731313799193 -0.157608 787
1731313799490 -0.099547 788
1731313799706 0.154702 789
1731313799932 0.086839 790
1731313800148 -0.222835 791
1731313800367 -0.178574 792
1731313800587 -0.426696 793
1731313800775 -0.075461 794
1731313801015 -0.706484 795
1731313801256 -0.729534 796
1731313801525 0.138624 797
1731313801775 -0.14169 798
1731313801996 -0.338201 799
1731313802199 0.161459 800
1731313802383 -0.137311 801
1731313802584 -0.327128 802
1731313802826 -0.258421 803
1731313803053 0.013678 804
1731313803269 -0.053669 805
1731313803478 -0.489259 806
1731313803707 0.227964 807
1731313803913 -0.137038 808
1731313804111 -0.742592 809
1731313804341 -0.145492 810
1731313804574 -0.360642 811
1731313804820 -0.209773 812
1731313805029 0.034645 813
1731313805225 -0.209264 814
1731313805453 0.114057 815
1731313805728 -0.120576 816
1731313805967 -0.607725 817
1731313806209 0.383892 818
1731313806403 -0.196688 819
1731313806647 -0.067836 820
1731313806904 -0.279852 821
1731313807146 -0.445875 822
1731313807336 -0.092139 823
1731313807537 -0.150475 824
1731313807766 -0.831227 825
1731313807965 -0.270911 826
1731313808181 0.053999 827
1731313808426 -0.139119 828
1731313808655 0.069903 829
1731313808868 -0.553538 830
1731313809073 -0.077125 831
1731313809291 -0.68751 832
1731313809529 -0.321883 833
1731313809755 -0.914113 834
1731313810003 -0.468411 835
1731313810296 -0.251652 836
1731313810595 -0.011699 837
1731313810821 -0.787396 838
1731313811088 -0.117913 839
1731313811338 -0.232696 840
1731313811540 -0.654085 841
1731313811819 -0.125726 842
1731313812038 -0.117434 843
1731313812243 0.124245 844
1731313812473 -0.187331 845
1731313812684 -0.293643 846
1731313812914 -0.502024 847
1731313813151 0.017903 848
1731313813382 -0.647606 849
1731313813577 -0.762293 850
1731313813805 -0.191382 851
1731313814021 0.189395 852
1731313814240 -0.239722 853
1731313814450 -0.546599 854
1731313814701 -0.437153 855
1731313814955 -0.555685 856
1731313815182 -0.294812 857
1731313815452 -1.040026 858
1731313815642 -0.093567 859
1731313815889 0.039391 860
1731313816128 0.019505 861
1731313816405 0.165447 862
1731313816641 -0.06751 863
1731313816965 -0.016087 864
1731313817244 -0.060644 865
1731313817537 0.236248 866
1731313817835 -0.015045 867
1731313818070 -0.385626 868
1731313818273 -0.852595 869
1731313818519 0.072783 870
1731313818790 0.179952 871
1731313819011 -0.032477 872
1731313819236 0.240725 873
1731313819463 -0.064461 874
1731313819701 -0.706181 875
1731313819926 0.117903 876
1731313820125 -0.032081 877
1731313820348 -0.115834 878
1731313820527 0.101178 879
1731313820755 -0.803628 880
1731313820954 -0.090073 881
1731313821171 -0.18889 882
1731313821390 0.081331 883
1731313821631 -0.224399 884
1731313821927 -0.601627 885
1731313822191 -0.111217 886
1731313822448 -0.42897 887
1731313822728 -0.379296 888
1731313822981 -0.434518 889
1731313823169 -0.387629 890
1731313823389 -0.454163 891
1731313823610 -1.051043 892
1731313823816 0.02488 893
1731313824015 -0.656965 894
1731313824250 -0.671088 895
1731313824444 -0.185027 896
1731313824669 -0.608987 897
1731313824892 0.154264 898
1731313825127 -0.897082 899
1731313825390 -0.603587 900
1731313825591 -0.264549 901
1731313825805 -0.742155 902
1731313826047 -0.007908 903
1731313826248 -0.658565 904
1731313826456 -0.014395 905
1731313826652 -0.14967 906
1731313826889 -0.041679 907
1731313827095 0.025524 908
1731313827329 -0.013284 909
1731313827533 -0.643051 910
1731313827716 -0.178787 911
1731313827912 -0.247661 912
1731313828106 -0.126797 913
1731313828333 -0.00211 914
1731313828520 -0.738612 915
1731313828734 -1.216762 916
1731313828948 0.168669 917
1731313829160 0.11995 918
1731313829397 -0.453807 919
1731313829603 0.176521 920
1731313829818 0.028444 921
1731313830032 0.075125 922
1731313830233 -0.271515 923
1731313830499 -0.249009 924
1731313830713 -0.060183 925
1731313830930 -0.349278 926
1731313831120 0.390316 927
1731313831337 -0.489892 928
1731313831554 -0.328702 929
1731313831779 0.097228 930
1731313831972 -0.779117 931
1731313832178 -0.067847 932
1731313832388 -0.03924 933
1731313832622 -0.262949 934
1731313832840 -0.42229 935
1731313833035 -0.433773 936
1731313833267 0.115133 937
1731313833479 -0.355075 938
1731313833671 -0.233411 939
1731313833905 -0.045043 940
1731313834139 -0.990306 941
1731313834354 -0.364008 942
1731313834549 -0.114367 943
1731313834794 -0.090003 944
1731313835052 0.081974 945
1731313835277 -0.141878 946
1731313835479 -0.300588 947
1731313835712 -0.691573 948
1731313835941 -0.374366 949
1731313836166 -0.02753 950
1731313836487 -0.20552 951
1731313836694 -0.042014 952
1731313836901 -0.112818 953
1731313837117 -0.163757 954
1731313837337 -0.668675 955
1731313837580 0.040082 956
1731313837816 -0.161056 957
1731313838026 -0.213487 958
1731313838244 -0.017382 959
1731313838472 0.046837 960
1731313838664 -0.066174 961
1731313838894 -0.021699 962
1731313839127 -0.085404 963
1731313839347 -0.385772 964
1731313839551 0.043044 965
1731313839760 -0.528374 966
1731313840019 -0.426854 967
1731313840237 -0.150403 968
1731313840481 -0.573017 969
1731313840721 0.112506 970
1731313840953 -0.773478 971
1731313841159 -0.163018 972
1731313841393 -0.708245 973
1731313841601 -0.447783 974
1731313841835 -1.261578 975
1731313842034 -0.003266 976
1731313842266 -0.623284 977
1731313842543 -0.277808 978
1731313842788 -0.31466 979
1731313843086 -0.190244 980
1731313843287 -0.200974 981
1731313843484 -0.668559 982
1731313843688 -0.263781 983
1731313843912 0.150448 984
1731313844127 -0.500084 985
1731313844352 -0.09551 986
1731313844580 -0.326003 987
1731313844809 -0.580577 988
1731313845080 -0.009554 989
1731313845325 -0.409571 990
1731313845554 -0.560991 991
1731313845737 -0.084157 992
1731313845988 -0.129803 993
1731313846216 0.035789 994
1731313846414 -0.563885 995
1731313846640 -0.573015 996
1731313846839 -0.057225 997
1731313847056 -0.152683 998
1731313847290 0.030705 999
