1731298132539 -0.271375 7
1731298135404 -0.256161 15
1731298138114 0.054475 23
1731298140549 -1.048591 31
1731298142944 -0.50522 39
1731298144285 0.020416 47
1731298146050 -0.133912 55
1731298148558 -0.752459 63
1731298151002 -0.066055 71
1731298153967 -0.173342 79
1731298156357 -0.353071 87
1731298159006 -0.086241 95
1731298161188 -0.047304 103
1731298163501 -0.125327 111
1731298166025 -0.786289 119
1731298168486 -1.38195 127
1731298170611 -0.027176 135
1731298173190 -0.232066 143
1731298175775 -0.582066 151
1731298178500 -0.626637 159
1731298181154 -1.010351 167
1731298183529 -0.058433 175
1731298185825 -0.102733 183
1731298188271 -0.086572 191
1731298190995 -0.210871 199
1731298193326 -0.127681 207
1731298195878 -0.150555 215
1731298198517 -0.288808 223
1731298200926 -0.056377 231
1731298203584 -1.055423 239
1731298206292 -1.888435 247
1731298208500 -0.786436 255
1731298210983 -0.304989 263
1731298213286 -0.163979 271
1731298215638 -1.236484 279
1731298218036 -0.206938 287
1731298220384 -0.136499 295
1731298222860 -0.219319 303
1731298225368 -1.174984 311
1731298227721 -0.264797 319
1731298229877 -0.185457 327
1731298232057 -1.350801 335
1731298234316 -0.255769 343
1731298236633 -1.402675 351
1731298238996 -0.916358 359
1731298241307 -1.281656 367
1731298243785 -0.399084 375
1731298246245 -0.160491 383
1731298248622 -0.894811 391
1731298251096 -1.207357 399
1731298253562 -0.156214 407
1731298255923 -0.14746 415
1731298258328 -0.156521 423
1731298260767 -0.239513 431
1731298263114 -0.159149 439
1731298265320 -1.061653 447
1731298267485 -0.918333 455
1731298269669 -0.298427 463
1731298271928 -0.916178 471
1731298274427 -0.658043 479
1731298276881 -0.295074 487
1731298279169 -1.17168 495
1731298281429 -1.168385 503
1731298283450 -0.73059 511
1731298285645 -0.251066 519
1731298287948 -1.217959 527
1731298290324 -0.201166 535
1731298292332 -0.104637 543
1731298294565 -0.534327 551
1731298297004 -0.88364 559
1731298299293 -0.161238 567
1731298301442 -1.030247 575
1731298303802 -0.226226 583
1731298306247 -0.53086 591
1731298308580 -0.263951 599
1731298310793 -1.233105 607
1731298313289 -0.585374 615
1731298315544 -0.718302 623
1731298317757 -0.225047 631
1731298319960 -1.320212 639
1731298322159 -0.454497 647
1731298324356 -1.156717 655
1731298326523 -0.531026 663
1731298328677 -0.244363 671
1731298330896 -0.117187 679
1731298333232 -0.850969 687
1731298335664 -0.388357 695
1731298337971 -0.19411 703
1731298340350 -0.620367 711
1731298342783 -1.184004 719
1731298345127 -1.187656 727
1731298347705 -1.018136 735
1731298349699 -0.116022 743
1731298352279 -1.051276 751
1731298354766 -0.723174 759
1731298357010 -0.256061 767
1731298359429 -0.296029 775
1731298361717 -1.847645 783
1731298364003 -0.273224 791
1731298366439 -1.155825 799
1731298368631 -0.378311 807
1731298370780 -0.162526 815
1731298372916 -0.416939 823
1731298375141 -0.384748 831
1731298377403 -1.403882 839
1731298379662 -0.432827 847
1731298381927 -0.431826 855
1731298383871 -0.780792 863
1731298386221 -0.166039 871
1731298388528 -0.996127 879
1731298390786 -0.40905 887
1731298392895 -1.394289 895
1731298395085 -0.0181 903
1731298397240 -0.304097 911
1731298399316 -0.591155 919
1731298401301 -1.088136 927
1731298403237 -1.245413 935
1731298405204 -1.85156 943
1731298407288 -1.008971 951
1731298409504 -0.460401 959
1731298411771 -0.699477 967
1731298413700 -0.433908 975
1731298416000 -0.376638 983
1731298418138 -0.488005 991
1731298420020 -0.268685 999
