1731991955204 -0.068027 0
1731991956511 -0.386045 1
1731991957297 -0.328041 2
1731991958180 -0.246727 3
1731991959116 -0.480183 4
1731991960101 -0.123187 5
1731991961016 -0.206095 6
1731991961924 0.094177 7
1731991962836 -0.783872 8
1731991963650 -0.454792 9
1731991964352 -0.28834 10
1731991965202 -0.320335 11
1731991965985 -0.464132 12
1731991966906 -0.250343 13
1731991967878 -0.20889 14
1731991968659 -0.857729 15
1731991969493 -0.409177 16
1731991970210 -0.117527 17
1731991971007 -0.026703 18
1731991971780 -0.023742 19
1731991972567 -0.707461 20
1731991973380 0.139216 21
1731991974150 -0.173849 22
1731991974918 -0.118015 23
1731991975628 0.077988 24
1731991976419 -0.965048 25
1731991977283 -0.014385 26
1731991978108 -0.043119 27
1731991979005 -0.025441 28
1731991979776 -0.673025 29
1731991980594 -0.212838 30
1731991981392 -0.265335 31
1731991982110 0.106656 32
1731991982880 -0.197714 33
1731991983658 -0.474052 34
1731991984569 -0.105077 35
1731991985358 -0.085071 36
1731991986114 -0.776399 37
1731991986785 -0.03538 38
1731991987614 -0.293767 39
1731991988503 -0.109505 40
1731991989283 -0.26196 41
1731991990078 -0.12169 42
1731991990971 -0.953226 43
1731991991744 -0.803556 44
1731991992470 -0.568913 45
1731991993170 -0.261098 46
1731991993874 0.042918 47
1731991994661 -0.570005 48
1731991995355 -0.612604 49
1731991996340 -0.991965 50
1731991997181 -0.092477 51
1731991998007 -0.429818 52
1731991998750 -0.302467 53
1731991999642 -0.213068 54
1731992000432 -0.06322 55
1731992001187 -0.28894 56
1731992001831 -0.230746 57
1731992002587 -0.44198 58
1731992003404 -0.131695 59
1731992004294 -0.168732 60
1731992005130 -0.357567 61
1731992005926 -0.423361 62
1731992006684 -0.573175 63
1731992007458 -0.351319 64
1731992008196 -0.571726 65
1731992009081 -0.53624 66
1731992009818 -0.02205 67
1731992010477 -0.230983 68
1731992011144 -0.262089 69
1731992011936 -0.212288 70
1731992012731 -0.15714 71
1731992013568 -0.149241 72
1731992014337 -0.17396 73
1731992015264 -0.218262 74
1731992015962 -0.325268 75
1731992016783 -0.235612 76
1731992017509 -0.154345 77
1731992018279 -0.240664 78
1731992019096 -0.489294 79
1731992019862 -0.537348 80
1731992020614 -0.172935 81
1731992021585 -1.423223 82
1731992022371 -0.596792 83
1731992023002 -0.757087 84
1731992023698 -0.159477 85
1731992024461 -0.545482 86
1731992025243 -0.070813 87
1731992026044 -0.325892 88
1731992026838 -0.264305 89
1731992027604 0.056708 90
1731992028499 -0.525902 91
1731992029385 -0.619824 92
1731992030193 -1.328262 93
1731992030998 -0.162964 94
1731992031809 -0.188066 95
1731992032533 -0.156833 96
1731992033339 -0.265361 97
1731992034054 0.0886 98
1731992034891 -0.219586 99
1731992035637 -0.446131 100
1731992036436 -0.513958 101
1731992037288 -0.13918 102
1731992038079 -0.521682 103
1731992038887 -0.11734 104
1731992039756 -0.504807 105
1731992040592 -0.341568 106
1731992041350 -0.215595 107
1731992042133 0.157284 108
1731992042955 -0.082645 109
1731992043859 -0.238657 110
1731992044639 -0.50357 111
1731992045433 -0.524404 112
1731992046245 -0.166208 113
1731992047104 -0.253907 114
1731992047857 -0.041467 115
1731992048769 -0.627296 116
1731992049598 -0.093885 117
1731992050323 -0.272468 118
1731992051024 -0.249175 119
1731992051807 -0.301296 120
1731992052633 -0.209543 121
1731992053312 -0.400075 122
1731992054035 -0.395462 123
1731992054812 -0.190457 124
1731992055609 -0.05885 125
1731992056390 -0.907341 126
1731992057039 -0.598989 127
1731992057748 -0.168682 128
1731992058517 -0.341815 129
1731992059416 -0.105608 130
1731992060192 -0.306077 131
1731992060938 0.197569 132
1731992061702 -0.26568 133
1731992062507 -0.651962 134
1731992063307 -0.63258 135
1731992064157 -1.067694 136
1731992064991 -0.610616 137
1731992065788 -0.037027 138
1731992066546 -0.179655 139
1731992067330 -0.508057 140
1731992068161 0.025436 141
1731992069026 -0.097177 142
1731992069832 0.040143 143
1731992070609 -0.844642 144
1731992071298 -0.142641 145
1731992071962 -0.078702 146
1731992072716 -0.196039 147
1731992073493 -1.222227 148
1731992074419 -0.31816 149
1731992075237 -0.634041 150
1731992075985 -0.196175 151
1731992076769 -0.292803 152
1731992077591 -0.100917 153
1731992078420 -0.107214 154
1731992079192 -0.717814 155
1731992079930 -1.169506 156
1731992080661 -0.754342 157
1731992081460 -0.202444 158
1731992082380 -0.249604 159
1731992083176 -0.147402 160
1731992083905 -0.093096 161
1731992084626 -0.024997 162
1731992085477 -0.067291 163
1731992086279 -0.061064 164
1731992087164 -0.099173 165
1731992087982 -0.069625 166
1731992088758 -0.556104 167
1731992089527 -0.562219 168
1731992090368 -0.216514 169
1731992091237 -0.130212 170
1731992091976 -0.115636 171
1731992092674 -0.166383 172
1731992093467 -0.088712 173
1731992094213 -0.155059 174
1731992094914 -0.951851 175
1731992095423 -0.506693 176
1731992095883 -0.14471 177
1731992096314 0.039454 178
1731992096748 -0.109513 179
1731992097165 -0.491921 180
1731992097571 -0.073373 181
1731992097983 -0.153076 182
1731992098380 -0.03125 183
1731992098805 -0.102181 184
1731992099208 -0.059195 185
1731992099620 -0.104008 186
1731992100047 -0.412512 187
1731992100453 -0.53177 188
1731992100884 -0.702272 189
1731992101319 -0.245988 190
1731992101765 -0.328205 191
1731992102197 -0.013049 192
1731992102625 -0.239138 193
1731992103062 -0.733645 194
1731992103454 -0.641706 195
1731992103892 -0.692354 196
1731992104310 -0.451816 197
1731992104753 -0.609004 198
1731992105202 -0.132906 199
1731992105601 -0.183348 200
1731992105989 -0.604669 201
1731992106426 -0.156624 202
1731992106824 -0.63433 203
1731992107223 -0.601656 204
1731992107642 -0.765824 205
1731992108073 -0.182776 206
1731992108491 -0.575228 207
1731992108912 -0.106345 208
1731992109348 -0.232941 209
1731992109769 -0.734041 210
1731992110197 -0.028891 211
1731992110616 -0.202791 212
1731992111016 -0.095863 213
1731992111398 -0.206531 214
1731992111782 -0.185564 215
1731992112191 -0.135421 216
1731992112624 -0.382431 217
1731992113057 -0.126648 218
1731992113482 -0.396572 219
1731992113897 -0.067975 220
1731992114315 -0.728879 221
1731992114726 0.169077 222
1731992115147 -0.543338 223
1731992115539 -0.182616 224
1731992115939 -0.034658 225
1731992116348 -0.095573 226
1731992116820 -1.151967 227
1731992117262 -0.54486 228
1731992117670 -0.144987 229
1731992118083 -0.022833 230
1731992118511 -0.096428 231
1731992118939 -0.199093 232
1731992119317 -0.311752 233
1731992119713 -0.152748 234
1731992120096 -0.022708 235
1731992120498 -0.235644 236
1731992120939 -0.273148 237
1731992121395 -0.764112 238
1731992121889 -0.362213 239
1731992122294 -0.397199 240
1731992122709 -0.022271 241
1731992123132 -0.512789 242
1731992123527 -0.071205 243
1731992123926 -0.280671 244
1731992124383 -0.72712 245
1731992124817 -0.251209 246
1731992125240 -0.392075 247
1731992125657 0.044208 248
1731992126107 -0.332655 249
1731992126539 -0.33263 250
1731992126973 -0.584306 251
1731992127418 -0.214691 252
1731992127847 -0.469195 253
1731992128306 -0.150061 254
1731992128733 -0.215535 255
1731992129184 -0.548249 256
1731992129632 -0.512036 257
1731992130061 -0.671493 258
1731992130496 -0.557666 259
1731992130912 -0.200846 260
1731992131324 -0.443856 261
1731992131756 -1.052826 262
1731992132194 -0.0962 263
1731992132587 -0.095271 264
1731992132965 -0.080143 265
1731992133384 0.139308 266
1731992133800 -0.132957 267
1731992134204 -0.132593 268
1731992134599 -0.209907 269
1731992134967 -0.560994 270
1731992135352 -0.264814 271
1731992135748 -0.578758 272
1731992136147 -0.449851 273
1731992136557 -1.027499 274
1731992136989 -0.205002 275
1731992137403 -0.543176 276
1731992137812 -0.171905 277
1731992138310 -0.589318 278
1731992138710 -0.220264 279
1731992139102 -0.042488 280
1731992139492 -0.047865 281
1731992139887 -0.457247 282
1731992140340 -0.564951 283
1731992140750 -0.552445 284
1731992141134 -0.717621 285
1731992141556 -0.186169 286
1731992141964 -0.191093 287
1731992142387 -0.414872 288
1731992142786 -0.30254 289
1731992143176 -0.318302 290
1731992143557 -0.326102 291
1731992143970 -0.553626 292
1731992144383 -0.995067 293
1731992144768 -0.644972 294
1731992145177 0.044716 295
1731992145558 -0.659156 296
1731992145979 -0.132056 297
1731992146397 -0.165662 298
1731992146804 -0.165218 299
1731992147212 -0.349767 300
1731992147602 -0.248931 301
1731992148026 -0.246813 302
1731992148417 -0.589962 303
1731992148812 -0.412835 304
1731992149205 -0.160646 305
1731992149625 -0.273651 306
1731992150053 -0.045243 307
1731992150489 -0.074458 308
1731992150916 -0.272275 309
1731992151335 -0.172808 310
1731992151755 -0.669894 311
1731992152149 -0.650868 312
1731992152568 -0.190421 313
1731992152987 -0.097259 314
1731992153406 -0.181254 315
1731992153798 0.009962 316
1731992154171 -0.23683 317
1731992154555 -0.156627 318
1731992154955 -0.162612 319
1731992155358 -0.904436 320
1731992155756 -0.51215 321
1731992156211 -0.394151 322
1731992156601 0.06577 323
1731992157001 -0.372359 324
1731992157385 -0.940751 325
1731992157791 -0.265448 326
1731992158192 -0.146078 327
1731992158625 -0.337119 328
1731992159050 -0.373721 329
1731992159481 -0.501612 330
1731992159926 -0.259558 331
1731992160321 -0.129052 332
1731992160727 -1.226138 333
1731992161160 -0.059124 334
1731992161569 -0.908188 335
1731992161963 -0.38538 336
1731992162365 -0.176234 337
1731992162768 -0.227499 338
1731992163154 -0.118302 339
1731992163580 -0.905601 340
1731992163981 -0.279499 341
1731992164379 -0.228626 342
1731992164773 -0.619686 343
1731992165163 -0.226647 344
1731992165553 -0.227512 345
1731992165940 -0.123981 346
1731992166322 -0.232287 347
1731992166704 -0.923387 348
1731992167152 -0.369099 349
1731992167577 -0.240449 350
1731992167990 -0.148752 351
1731992168474 -0.196683 352
1731992168855 -0.271296 353
1731992169247 -0.140654 354
1731992169629 -0.672701 355
1731992170041 -0.475425 356
1731992170469 -0.746729 357
1731992170906 -0.422787 358
1731992171303 -0.059381 359
1731992171715 -0.574835 360
1731992172102 -0.28302 361
1731992172515 -0.223062 362
1731992172913 -0.228432 363
1731992173369 -0.068945 364
1731992173787 -0.2258 365
1731992174212 -0.041936 366
1731992174620 -0.267537 367
1731992175013 -0.093991 368
1731992175415 -0.199326 369
1731992175813 -0.199727 370
1731992176285 -0.975133 371
1731992176764 -0.606367 372
1731992177198 -0.384496 373
1731992177630 -0.3198 374
1731992178043 -0.064643 375
1731992178467 -0.186237 376
1731992178871 -0.262638 377
1731992179274 -0.743731 378
1731992179675 -0.922826 379
1731992180085 -0.194711 380
1731992180474 -0.982092 381
1731992180892 -0.136677 382
1731992181302 -0.122138 383
1731992181716 -0.165876 384
1731992182098 0.011179 385
1731992182472 -0.152012 386
1731992182876 -0.73549 387
1731992183268 -0.333634 388
1731992183667 -1.004518 389
1731992184117 0.05783 390
1731992184545 -0.53937 391
1731992184979 -0.135645 392
1731992185383 -0.060168 393
1731992185773 -0.172052 394
1731992186207 -0.256646 395
1731992186609 -1.415716 396
1731992186997 -0.167694 397
1731992187403 -0.135142 398
1731992187802 -0.171078 399
1731992188186 -0.077714 400
1731992188622 -0.856886 401
1731992189024 -0.317749 402
1731992189420 -0.165804 403
1731992189842 -0.082615 404
1731992190265 -0.541122 405
1731992190664 -0.497706 406
1731992191081 -0.237672 407
1731992191465 -0.151749 408
1731992191833 -0.216088 409
1731992192229 -0.804304 410
1731992192665 0.001889 411
1731992193069 -0.324159 412
1731992193493 -0.140402 413
1731992193888 -0.429829 414
1731992194309 0.002523 415
1731992194689 -1.322788 416
1731992195070 -0.021975 417
1731992195460 -0.190441 418
1731992195861 -0.318665 419
1731992196257 -0.126534 420
1731992196648 -1.133603 421
1731992197087 -0.629974 422
1731992197520 -0.259971 423
1731992197964 -0.711239 424
1731992198414 -0.632437 425
1731992198908 -0.910029 426
1731992199373 -0.001083 427
1731992199788 -0.176382 428
1731992200239 -0.196591 429
1731992200637 -0.717572 430
1731992201051 -0.032078 431
1731992201454 -0.592644 432
1731992201893 -0.553004 433
1731992202337 -0.709972 434
1731992202754 -0.356751 435
1731992203166 -1.031604 436
1731992203559 -0.058068 437
1731992203960 -0.068403 438
1731992204362 -0.202699 439
1731992204754 0.016565 440
1731992205168 -0.171099 441
1731992205554 -0.742813 442
1731992205965 -0.268271 443
1731992206422 -0.216971 444
1731992206819 -0.177004 445
1731992207260 0.015861 446
1731992207668 0.01327 447
1731992208109 -0.425841 448
1731992208562 -0.255306 449
1731992209019 -0.253604 450
1731992209448 -0.229873 451
1731992209901 -0.773514 452
1731992210334 -0.761439 453
1731992210788 -0.815113 454
1731992211248 -0.245209 455
1731992211649 -0.332202 456
1731992212051 -0.035744 457
1731992212439 -0.359701 458
1731992212853 -0.128532 459
1731992213272 -0.396711 460
1731992213690 -0.496672 461
1731992214165 -0.169106 462
1731992214593 -0.130663 463
1731992215029 -0.100447 464
1731992215462 -0.081615 465
1731992215904 -0.623049 466
1731992216327 -0.008119 467
1731992216731 -0.218913 468
1731992217132 -0.285019 469
1731992217541 -0.630506 470
1731992217943 -0.291101 471
1731992218376 -0.052735 472
1731992218813 -0.474829 473
1731992219205 -0.257156 474
1731992219650 -0.172544 475
1731992220107 -1.126626 476
1731992220562 -0.196955 477
1731992221023 -0.075892 478
1731992221437 -0.208815 479
1731992221895 -1.024244 480
1731992222323 -0.034659 481
1731992222747 -0.446002 482
1731992223256 -0.065238 483
1731992223686 -0.103393 484
1731992224097 -0.542533 485
1731992224540 -0.191914 486
1731992224956 -1.178084 487
1731992225520 -0.255405 488
1731992225925 -0.122908 489
1731992226334 -0.704914 490
1731992226730 -0.1936 491
1731992227140 -0.968964 492
1731992227579 -0.190718 493
1731992227988 -0.227491 494
1731992228420 -0.866426 495
1731992228846 -0.672897 496
1731992229265 -0.073469 497
1731992229691 -0.758361 498
1731992230115 -0.195415 499
1731992230581 -0.787701 500
1731992230993 -0.49997 501
1731992231392 -0.227302 502
1731992231843 0.080425 503
1731992232341 -0.14808 504
1731992232777 -0.202916 505
1731992233164 -0.831935 506
1731992233561 0.114212 507
1731992233977 -0.198988 508
1731992234400 -0.211794 509
1731992234805 -0.238354 510
1731992235208 -1.142417 511
1731992235629 -0.780505 512
1731992236085 -0.227071 513
1731992236486 -0.023709 514
1731992236902 -0.257271 515
1731992237306 -0.241391 516
1731992237693 -0.215679 517
1731992238138 -0.330465 518
1731992238547 -0.193845 519
1731992238970 -0.15752 520
1731992239342 -0.286845 521
1731992239739 -0.048465 522
1731992240206 0.0348 523
1731992240645 -0.817361 524
1731992241052 -0.633021 525
1731992241459 0.090938 526
1731992241870 -0.159806 527
1731992242292 -0.180189 528
1731992242703 -0.22585 529
1731992243089 -0.141005 530
1731992243515 -0.882911 531
1731992243932 -0.184022 532
1731992244353 -0.193358 533
1731992244753 -0.642684 534
1731992245165 -0.205882 535
1731992245560 -0.469753 536
1731992245964 -0.599819 537
1731992246375 -0.205457 538
1731992246782 -0.129009 539
1731992247191 -0.421222 540
1731992247596 -0.413596 541
1731992248013 -0.200408 542
1731992248444 -0.062113 543
1731992248876 -0.300656 544
1731992249310 -0.014043 545
1731992249736 -0.172114 546
1731992250169 -0.183157 547
1731992250605 -0.002205 548
1731992250985 -0.671369 549
1731992251377 -0.621324 550
1731992251748 -0.197066 551
1731992252124 -0.311923 552
1731992252538 -0.8995 553
1731992252926 -0.702906 554
1731992253339 -0.296839 555
1731992253715 0.004103 556
1731992254130 -0.398842 557
1731992254547 -0.188681 558
1731992254980 -1.634782 559
1731992255381 -0.594652 560
1731992255767 -0.323966 561
1731992256134 -0.707462 562
1731992256519 -0.241411 563
1731992256934 -0.76316 564
1731992257348 -0.247774 565
1731992257763 -0.376512 566
1731992258255 -0.220089 567
1731992258684 -0.208205 568
1731992259079 -0.130036 569
1731992259513 -0.905343 570
1731992259901 -0.154978 571
1731992260308 -0.428727 572
1731992260709 -0.330125 573
1731992261110 -0.479532 574
1731992261502 -0.129126 575
1731992261901 -0.161346 576
1731992262291 -0.986976 577
1731992262712 -0.119104 578
1731992263102 -1.101058 579
1731992263505 -0.266651 580
1731992263909 -0.192121 581
1731992264325 -0.073712 582
1731992264717 -0.369861 583
1731992265117 -0.0022 584
1731992265507 -0.572393 585
1731992265898 0.022631 586
1731992266295 -0.275547 587
1731992266697 0.098867 588
1731992267102 -0.208874 589
1731992267491 -0.329126 590
1731992267907 -0.316244 591
1731992268311 -1.53569 592
1731992268703 -0.293199 593
1731992269116 -0.29558 594
1731992269499 -0.679414 595
1731992269891 -0.139772 596
1731992270280 -0.227101 597
1731992270673 -0.286763 598
1731992271091 -0.41391 599
1731992271514 -0.29447 600
1731992271893 0.038208 601
1731992272273 -1.122909 602
1731992272685 -0.186715 603
1731992273077 -1.204993 604
1731992273470 -0.228209 605
1731992273881 -0.219194 606
1731992274311 -0.490416 607
1731992274708 0.166311 608
1731992275101 -0.053733 609
1731992275512 -0.031077 610
1731992275905 -0.248773 611
1731992276301 -0.540098 612
1731992276710 -0.63162 613
1731992277117 -0.312461 614
1731992277502 -0.166811 615
1731992277904 -0.895337 616
1731992278290 -0.164186 617
1731992278712 -0.306556 618
1731992279080 -0.155586 619
1731992279465 -0.10031 620
1731992279848 -1.025951 621
1731992280257 -0.373106 622
1731992280648 -0.234215 623
1731992281042 -0.999185 624
1731992281450 -1.044195 625
1731992281843 -0.200561 626
1731992282243 -0.184074 627
1731992282700 -0.200341 628
1731992283121 -0.769366 629
1731992283524 -0.315444 630
1731992283952 -0.11719 631
1731992284374 -0.754959 632
1731992284784 -0.600786 633
1731992285205 -0.225139 634
1731992285597 0.075655 635
1731992285986 -0.923895 636
1731992286378 -0.391077 637
1731992286764 0.081436 638
1731992287238 -0.108109 639
1731992287606 -0.300482 640
1731992288018 -0.30145 641
1731992288495 -0.150436 642
1731992288893 -0.344713 643
1731992289371 -0.415457 644
1731992289957 -0.724703 645
1731992290686 0.085392 646
1731992291170 -0.104572 647
1731992291677 0.078182 648
1731992292108 -0.099625 649
1731992292528 -0.537886 650
1731992292928 -0.455796 651
1731992293345 -0.410679 652
1731992293763 -0.075262 653
1731992294207 -0.208244 654
1731992294638 -0.212338 655
1731992295066 -0.228202 656
1731992295481 -0.243822 657
1731992295878 -0.236705 658
1731992296277 -0.47599 659
1731992296669 -0.392902 660
1731992297089 -0.852132 661
1731992297520 -0.857501 662
1731992297992 -0.171121 663
1731992298390 -0.643482 664
1731992298800 -0.297751 665
1731992299258 -0.645648 666
1731992299626 -0.891062 667
1731992300055 -0.283395 668
1731992300470 -0.427501 669
1731992300896 -0.089933 670
1731992301311 -0.827551 671
1731992301716 -0.737491 672
1731992302112 0.009234 673
1731992302484 -0.219204 674
1731992302868 -0.415523 675
1731992303265 -0.899738 676
1731992303660 -0.898875 677
1731992304099 -1.075088 678
1731992304516 -1.134147 679
1731992304945 -0.055148 680
1731992305336 -0.163158 681
1731992305748 -0.462393 682
1731992306188 0.087273 683
1731992306569 -0.475331 684
1731992306976 -1.28072 685
1731992307390 -1.213571 686
1731992307784 -0.91307 687
1731992308261 -0.475773 688
1731992308679 -0.133113 689
1731992309050 -0.069669 690
1731992309436 -0.257817 691
1731992309837 0.155471 692
1731992310218 -0.194403 693
1731992310625 -0.858845 694
1731992311025 -0.053124 695
1731992311424 -0.201533 696
1731992311808 -1.626161 697
1731992312196 -0.199423 698
1731992312592 -0.878013 699
1731992313022 0.036795 700
1731992313454 -0.821879 701
1731992313832 -1.186959 702
1731992314232 -0.748058 703
1731992314629 -0.701463 704
1731992315048 -0.162293 705
1731992315503 0.056832 706
1731992315904 -1.239669 707
1731992316337 -0.152918 708
1731992316754 -0.200385 709
1731992317253 -0.116082 710
1731992317624 -0.238497 711
1731992318067 -0.087634 712
1731992318560 -0.681505 713
1731992318938 -0.413227 714
1731992319393 -0.6361 715
1731992319796 -0.315753 716
1731992320207 -0.124709 717
1731992320599 -0.808667 718
1731992320964 -0.27063 719
1731992321383 -0.227148 720
1731992321786 -0.118517 721
1731992322204 -0.304018 722
1731992322620 -0.635627 723
1731992323089 -0.081288 724
1731992323513 -0.357106 725
1731992323911 -0.205618 726
1731992324295 -0.167555 727
1731992324707 -0.104093 728
1731992325133 -0.654209 729
1731992325523 -0.205316 730
1731992325905 -0.40867 731
1731992326334 -0.424895 732
1731992326764 -0.001361 733
1731992327199 -0.141511 734
1731992327613 -0.435744 735
1731992328035 -0.308603 736
1731992328431 -0.565684 737
1731992328849 -0.380893 738
1731992329261 -0.017657 739
1731992329677 -0.315851 740
1731992330093 -0.41701 741
1731992330530 -0.279858 742
1731992330942 -0.476262 743
1731992331324 -0.049646 744
1731992331722 -0.707978 745
1731992332121 -0.488739 746
1731992332515 -0.067763 747
1731992332921 -0.40728 748
1731992333330 -0.872809 749
1731992333721 -0.931218 750
1731992334110 -0.143242 751
1731992334533 -0.324593 752
1731992334915 -0.073801 753
1731992335310 -0.537755 754
1731992335697 -0.133148 755
1731992336092 -0.099143 756
1731992336474 -0.525988 757
1731992336904 -0.050777 758
1731992337317 -1.228039 759
1731992337742 -0.947913 760
1731992338192 -0.464624 761
1731992338628 -0.08747 762
1731992339044 -1.099336 763
1731992339477 -0.105641 764
1731992339897 -0.098402 765
1731992340340 -0.227747 766
1731992340751 -0.731609 767
1731992341163 -0.287081 768
1731992341537 -0.898865 769
1731992341960 -0.538992 770
1731992342356 -0.143962 771
1731992342759 -0.400411 772
1731992343165 0.020619 773
1731992343619 -0.116772 774
1731992344091 -0.146539 775
1731992344563 -0.751867 776
1731992344970 -0.36062 777
1731992345414 -0.076228 778
1731992345839 -0.141577 779
1731992346330 -1.749914 780
1731992346831 -0.221788 781
1731992347288 -0.145165 782
1731992347702 -0.107252 783
1731992348101 -0.0997 784
1731992348546 -0.053955 785
1731992348970 -0.7331 786
1731992349368 -0.153486 787
1731992349802 -0.146932 788
1731992350217 -0.504682 789
1731992350627 -0.24594 790
1731992351024 -0.287771 791
1731992351472 -0.946725 792
1731992351869 -1.1777 793
1731992352268 -0.067745 794
1731992352675 -0.148901 795
1731992353075 -0.050537 796
1731992353508 -0.862928 797
1731992353927 -0.220695 798
1731992354351 -0.129386 799
1731992354738 -0.088268 800
1731992355140 -0.101122 801
1731992355533 -0.174965 802
1731992355947 -0.739635 803
1731992356380 -0.289225 804
1731992356744 -0.178169 805
1731992357145 -0.10289 806
1731992357556 -0.445551 807
1731992357951 -0.874269 808
1731992358333 -0.688106 809
1731992358739 -0.022111 810
1731992359149 -0.465076 811
1731992359569 -0.393703 812
1731992359991 -0.173278 813
1731992360412 -0.751577 814
1731992360818 -0.758564 815
1731992361220 -0.132893 816
1731992361635 -0.83415 817
1731992362031 -0.846814 818
1731992362453 -0.823922 819
1731992362882 -0.72942 820
1731992363277 -0.328003 821
1731992363692 -1.138235 822
1731992364087 -0.1689 823
1731992364497 -0.877522 824
1731992364889 -0.323914 825
1731992365304 -0.209502 826
1731992365708 0.021611 827
1731992366097 -0.626714 828
1731992366528 -0.250898 829
1731992366895 -0.883606 830
1731992367319 -0.164522 831
1731992367702 -0.120381 832
1731992368076 -0.886043 833
1731992368483 0.014856 834
1731992368899 -0.224203 835
1731992369312 -0.208457 836
1731992369722 -0.383317 837
1731992370143 -0.116675 838
1731992370520 -1.204148 839
1731992370910 -0.35713 840
1731992371314 -0.097516 841
1731992371680 -0.448443 842
1731992372055 -0.387452 843
1731992372419 -0.188311 844
1731992372769 -0.47149 845
1731992373144 -0.981928 846
1731992373504 -0.459986 847
1731992373864 -0.158215 848
1731992374243 -1.446633 849
1731992374623 -2.27374 850
1731992375055 -0.112658 851
1731992375485 -0.020068 852
1731992375879 -0.734696 853
1731992376260 -0.668486 854
1731992376688 -0.521043 855
1731992377115 -0.92266 856
1731992377543 -0.30662 857
1731992377965 -0.427629 858
1731992378356 -0.141632 859
1731992378789 -0.861384 860
1731992379199 -0.596164 861
1731992379584 -1.093507 862
1731992380003 -0.827063 863
1731992380378 -0.291271 864
1731992380776 -1.001888 865
1731992381181 -0.236257 866
1731992381568 -0.840034 867
1731992381978 -1.001834 868
1731992382474 -0.061187 869
1731992382880 -0.33824 870
1731992383236 -0.055572 871
1731992383656 -0.908432 872
1731992384020 -0.02428 873
1731992384402 -0.195864 874
1731992384817 -0.858784 875
1731992385233 0.030867 876
1731992385646 -0.619444 877
1731992386045 -0.258534 878
1731992386456 -0.061337 879
1731992386881 -0.175929 880
1731992387263 -0.59716 881
1731992387671 -0.332487 882
1731992388048 -0.29166 883
1731992388473 -0.436679 884
1731992388877 -0.294159 885
1731992389277 -0.231814 886
1731992389669 -0.207943 887
1731992390086 -0.643706 888
1731992390513 -0.557916 889
1731992390885 -0.586268 890
1731992391275 -0.407201 891
1731992391668 -0.198463 892
1731992392081 -0.227069 893
1731992392462 -0.276563 894
1731992392862 -0.848139 895
1731992393258 -0.047856 896
1731992393636 -0.724865 897
1731992394065 -0.20448 898
1731992394447 -1.659612 899
1731992394841 -0.81545 900
1731992395256 -0.080851 901
1731992395650 -0.172054 902
1731992396072 -0.552621 903
1731992396461 -0.092048 904
1731992396861 -0.331803 905
1731992397250 -0.191114 906
1731992397619 -0.186116 907
1731992398024 -0.765555 908
1731992398457 -0.212026 909
1731992398851 -0.659275 910
1731992399269 -0.160069 911
1731992399665 -0.20476 912
1731992400100 -0.182276 913
1731992400550 0.082632 914
1731992400982 -0.23958 915
1731992401376 -0.328197 916
1731992401782 -0.320793 917
1731992402194 -0.172784 918
1731992402676 -1.013738 919
1731992403064 -0.325275 920
1731992403485 -1.047292 921
1731992403894 -0.406149 922
1731992404291 -0.265603 923
1731992404715 -0.261421 924
1731992405111 -0.548534 925
1731992405494 -0.090357 926
1731992405872 -1.031711 927
1731992406284 -1.032867 928
1731992406680 -0.374928 929
1731992407093 -0.337454 930
1731992407468 -0.093931 931
1731992407854 -0.12733 932
1731992408240 -0.246932 933
1731992408690 -0.161932 934
1731992409070 -0.689031 935
1731992409452 -0.278384 936
1731992409860 -0.20517 937
1731992410294 -0.404897 938
1731992410706 -0.884807 939
1731992411121 -0.01432 940
1731992411525 -1.146444 941
1731992411953 -0.29235 942
1731992412380 -1.007604 943
1731992412798 -0.870497 944
1731992413228 -0.320217 945
1731992413688 -0.028997 946
1731992414167 -0.140422 947
1731992414565 -0.209255 948
1731992414933 -0.917836 949
1731992415319 -0.477984 950
1731992415716 -0.667298 951
1731992416146 -0.33574 952
1731992416528 -0.059537 953
1731992416921 -0.364888 954
1731992417371 -0.349364 955
1731992417800 -0.061264 956
1731992418234 -1.06966 957
1731992418677 -0.432586 958
1731992419086 -0.149469 959
1731992419493 -0.175619 960
1731992419873 -0.476396 961
1731992420325 -0.110308 962
1731992420758 -1.306037 963
1731992421152 -0.269317 964
1731992421565 -0.587613 965
1731992421944 -0.723502 966
1731992422326 -0.772404 967
1731992422736 -0.95319 968
1731992423093 -1.307764 969
1731992423470 -0.725904 970
1731992423853 -1.648428 971
1731992424222 -0.572886 972
1731992424630 -0.33602 973
1731992425042 -0.18132 974
1731992425460 -0.256927 975
1731992425855 -0.43103 976
1731992426233 -0.42813 977
1731992426607 -0.182191 978
1731992427041 -0.06585 979
1731992427448 -0.104479 980
1731992427829 -0.719491 981
1731992428246 -0.931525 982
1731992428647 -0.235227 983
1731992429065 -0.96272 984
1731992429430 -0.572272 985
1731992429834 -0.100672 986
1731992430246 -0.24798 987
1731992430642 -0.221489 988
1731992431060 -0.81552 989
1731992431438 -0.981296 990
1731992431859 -0.661404 991
1731992432272 -0.184523 992
1731992432668 -0.178052 993
1731992433080 -1.023341 994
1731992433469 -0.214855 995
1731992433864 -0.140388 996
1731992434282 -0.504131 997
1731992434670 -0.821726 998
1731992435078 -0.868046 999
