1731318358076 -0.100916 0
1731318358502 -0.017641 1
1731318358804 -0.112542 2
1731318359058 -0.348691 3
1731318359276 -0.118895 4
1731318359515 -0.333252 5
1731318359796 -0.700517 6
1731318360107 -0.063499 7
1731318360334 -0.131462 8
1731318360578 -0.093214 9
1731318360792 -0.218217 10
1731318361011 -0.396307 11
1731318361256 -0.1279 12
1731318361461 -0.071914 13
1731318361696 -0.179753 14
1731318361923 -0.120677 15
1731318362177 -0.160549 16
1731318362420 -0.978556 17
1731318362658 -0.431563 18
1731318362885 0.115724 19
1731318363068 0.337318 20
1731318363274 -0.977943 21
1731318363484 -0.351496 22
1731318363664 -0.154125 23
1731318363854 -0.573801 24
1731318364073 -0.003347 25
1731318364314 -0.45942 26
1731318364512 -0.027502 27
1731318364740 0.157471 28
1731318364958 -0.366458 29
1731318365178 -1.262227 30
1731318365393 -0.868927 31
1731318365600 -0.420945 32
1731318365793 0.097818 33
1731318365991 0.012443 34
1731318366235 -0.408788 35
1731318366454 0.04533 36
1731318366698 -0.086548 37
1731318366916 -0.324915 38
1731318367109 -0.607067 39
1731318367374 0.199635 40
1731318367623 -0.239213 41
1731318367862 0.158153 42
1731318368074 -0.360278 43
1731318368297 -0.920052 44
1731318368533 -0.232246 45
1731318368760 -0.455224 46
1731318368994 -0.236358 47
1731318369230 0.022106 48
1731318369468 -0.391845 49
1731318369678 -1.079509 50
1731318369919 -0.022214 51
1731318370182 -0.23649 52
1731318370449 -0.446537 53
1731318370656 -1.221822 54
1731318370892 -0.652892 55
1731318371134 -0.288631 56
1731318371369 -1.04141 57
1731318371581 -1.041376 58
1731318371818 -0.131557 59
1731318372027 -0.376416 60
1731318372256 -0.033738 61
1731318372451 0.06138 62
1731318372696 -0.12067 63
1731318372901 -0.357887 64
1731318373101 0.121472 65
1731318373332 0.049814 66
1731318373533 -0.166358 67
1731318373741 -0.008338 68
1731318373945 0.024169 69
1731318374129 -0.279799 70
1731318374360 -0.97548 71
1731318374564 -1.366303 72
1731318374763 -0.08755 73
1731318374972 -0.30817 74
1731318375204 -0.266985 75
1731318375413 0.065817 76
1731318375629 -0.327239 77
1731318375817 0.460405 78
1731318376004 -0.266503 79
1731318376191 0.233877 80
1731318376371 -0.37914 81
1731318376585 0.204414 82
1731318376826 0.056945 83
1731318377023 -0.136751 84
1731318377267 -0.112224 85
1731318377482 -0.042738 86
1731318377735 -0.440403 87
1731318377960 -0.235482 88
1731318378163 -0.979803 89
1731318378372 0.073131 90
1731318378594 0.100869 91
1731318378823 0.000441 92
1731318379083 -0.314266 93
1731318379302 -0.179827 94
1731318379506 -0.216324 95
1731318379734 -1.001782 96
1731318379991 0.159678 97
1731318380194 -1.270032 98
1731318380404 -0.292351 99
1731318380616 -0.109863 100
1731318380841 0.343612 101
1731318381057 -0.924764 102
1731318381267 -0.296269 103
1731318381483 -0.270115 104
1731318381710 -1.19594 105
1731318381916 0.50866 106
1731318382128 0.064464 107
1731318382335 -0.05116 108
1731318382589 -1.299023 109
1731318382829 -0.715145 110
1731318383069 -1.065621 111
1731318383295 -0.016422 112
1731318383501 -1.220501 113
1731318383708 -0.085701 114
1731318383889 0.054215 115
1731318384109 0.197088 116
1731318384402 0.092569 117
1731318384711 -0.050296 118
1731318384946 0.357316 119
1731318385189 -0.871215 120
1731318385432 -0.38284 121
1731318385672 0.082916 122
1731318385923 0.222074 123
1731318386198 -0.436365 124
1731318386448 -0.160545 125
1731318386710 -0.04669 126
1731318386948 -0.442538 127
1731318387183 -0.784231 128
1731318387443 0.034044 129
1731318387759 -0.044027 130
1731318388072 -1.162271 131
1731318388380 -0.155438 132
1731318388675 -0.134965 133
1731318388997 -0.838467 134
1731318389336 0.079302 135
1731318389698 -0.474768 136
1731318389974 0.198496 137
1731318390300 -0.901517 138
1731318390630 -1.168408 139
1731318390989 -0.100881 140
1731318391320 0.14661 141
1731318391687 -0.680475 142
1731318392082 -0.376798 143
1731318392419 0.276869 144
1731318392753 0.173536 145
1731318393029 0.175502 146
1731318393509 -0.767565 147
1731318393790 0.208357 148
1731318394016 0.37763 149
1731318394309 -1.558666 150
1731318394723 0.088286 151
1731318395050 0.380931 152
1731318395480 -0.15727 153
1731318395762 0.191382 154
1731318396075 -0.691229 155
1731318396328 0.03991 156
1731318396609 0.067402 157
1731318396988 -0.142198 158
1731318397385 -0.253808 159
1731318397642 0.034624 160
1731318397895 -0.231337 161
1731318398114 -0.096353 162
1731318398549 -0.119793 163
1731318398732 -0.089862 164
1731318399003 -0.813147 165
1731318399367 -0.473647 166
1731318399546 -0.459266 167
1731318399736 0.117854 168
1731318399943 -0.056233 169
1731318400135 -0.485085 170
1731318400351 -0.827719 171
1731318400564 0.097532 172
1731318400864 -0.144558 173
1731318401094 -0.645526 174
1731318401360 0.037266 175
1731318401628 -0.08297 176
1731318401867 -1.056639 177
1731318402064 0.169679 178
1731318402501 -0.408419 179
1731318402736 0.32818 180
1731318402936 0.398432 181
1731318403164 0.042472 182
1731318403520 -0.131925 183
1731318403832 0.026485 184
1731318404214 -0.3338 185
1731318404415 0.387308 186
1731318404631 0.002352 187
1731318404815 -0.083459 188
1731318405123 -1.735898 189
1731318405445 -0.465924 190
1731318405651 -0.073246 191
1731318405901 0.411408 192
1731318406130 -0.007229 193
1731318406374 0.200889 194
1731318406586 -1.127538 195
1731318406809 0.073519 196
1731318407166 -0.286398 197
1731318407368 -0.257061 198
1731318407641 -0.056538 199
1731318407836 0.495542 200
1731318408169 -0.276274 201
1731318408472 0.092296 202
1731318408704 0.102897 203
1731318408924 0.286517 204
1731318409175 0.229858 205
1731318409387 -0.457468 206
1731318409665 0.151675 207
1731318409857 0.295193 208
1731318410070 -0.515827 209
1731318410274 0.240502 210
1731318410559 -0.440883 211
1731318410770 -0.983905 212
1731318411091 -1.085602 213
1731318411388 0.227186 214
1731318411628 0.202382 215
1731318411942 -0.262598 216
1731318412185 0.450296 217
1731318412411 -1.047374 218
1731318412625 -0.152494 219
1731318412845 -0.519777 220
1731318413034 -0.07608 221
1731318413331 0.396789 222
1731318413537 -1.022136 223
1731318413817 -1.092434 224
1731318414076 -0.158564 225
1731318414285 -0.672776 226
1731318414489 -0.754639 227
1731318414750 0.540173 228
1731318414985 -1.080532 229
1731318415299 -0.431543 230
1731318415844 -0.34876 231
1731318416039 -0.271383 232
1731318416352 -1.037485 233
1731318416616 0.136548 234
1731318416844 -0.36767 235
1731318417086 0.104257 236
1731318417323 -0.855783 237
1731318417518 0.231459 238
1731318418193 -0.534939 239
1731318418408 -0.684388 240
1731318418631 -1.162277 241
1731318418918 0.376127 242
1731318419345 -0.350133 243
1731318419700 0.170146 244
1731318420013 0.02335 245
1731318420298 0.119795 246
1731318420587 0.10663 247
1731318420989 -0.768653 248
1731318421315 -0.930347 249
1731318421552 -0.052122 250
1731318421906 0.387385 251
1731318422128 0.259596 252
1731318422364 0.077901 253
1731318422655 -0.207119 254
1731318423004 -0.679216 255
1731318423310 -0.137794 256
1731318423870 -0.251432 257
1731318424221 -0.970969 258
1731318424459 -0.484224 259
1731318424746 -1.152974 260
1731318425074 -0.030812 261
1731318425599 -0.414608 262
1731318425897 0.048036 263
1731318426148 -1.007472 264
1731318426523 -0.370345 265
1731318426911 -0.222001 266
1731318427142 0.518804 267
1731318427361 -0.527315 268
1731318427675 -0.141297 269
1731318427873 0.207391 270
1731318428091 0.07682 271
1731318428315 0.277847 272
1731318428531 -1.145065 273
1731318428828 -0.195378 274
1731318429103 -0.320964 275
1731318429391 -0.571739 276
1731318429567 0.165001 277
1731318429863 0.22095 278
1731318430101 -0.286236 279
1731318430332 0.202885 280
1731318430651 -0.688092 281
1731318430888 0.264081 282
1731318431141 0.173417 283
1731318431329 0.174755 284
1731318431578 -0.072612 285
1731318431816 -1.261651 286
1731318432111 -1.020183 287
1731318432367 -1.013869 288
1731318432657 0.22771 289
1731318432845 -0.493398 290
1731318433149 -0.139108 291
1731318433357 0.164088 292
1731318433696 0.141252 293
1731318434009 0.206631 294
1731318434224 -1.133426 295
1731318434513 -0.216292 296
1731318434728 -0.847287 297
1731318434931 -0.367961 298
1731318435202 -0.321774 299
1731318435546 -0.494382 300
1731318435757 -1.164847 301
1731318436067 -0.161014 302
1731318436318 -0.501158 303
1731318436664 0.066659 304
1731318437011 0.336429 305
1731318437311 0.453393 306
1731318437633 0.058929 307
1731318437847 0.539893 308
1731318438101 -0.237489 309
1731318438312 0.158793 310
1731318438537 -0.77507 311
1731318438802 -0.368706 312
1731318439006 0.018756 313
1731318439217 -0.276823 314
1731318439440 -0.53909 315
1731318439681 -0.99885 316
1731318439911 -0.096307 317
1731318440176 -0.029987 318
1731318440359 -0.38245 319
1731318440593 -0.787835 320
1731318440794 0.241736 321
1731318441024 -0.317263 322
1731318441257 0.195106 323
1731318441508 -0.35598 324
1731318441755 0.136452 325
1731318442005 0.111146 326
1731318442261 -0.951985 327
1731318442495 -0.410395 328
1731318442810 -1.088483 329
1731318443171 -0.258436 330
1731318443397 0.229436 331
1731318443658 -0.9257 332
1731318443905 -1.219536 333
1731318444195 -0.95268 334
1731318444466 -0.126823 335
1731318444689 -1.186978 336
1731318445114 -0.729612 337
1731318445313 -0.787458 338
1731318445550 -0.19251 339
1731318445743 -0.902667 340
1731318446007 -1.421654 341
1731318446223 -0.54214 342
1731318446424 0.046797 343
1731318446616 -0.121215 344
1731318446850 -0.035912 345
1731318447045 -0.249942 346
1731318447242 -0.654199 347
1731318447462 -0.354177 348
1731318447720 -1.068989 349
1731318447937 0.164865 350
1731318448136 0.108139 351
1731318448341 -0.194179 352
1731318448572 -0.896914 353
1731318448790 -0.301312 354
1731318448987 -0.082515 355
1731318449227 0.548597 356
1731318449439 -0.899163 357
1731318449627 -0.041616 358
1731318449865 -1.069368 359
1731318450100 -0.357426 360
1731318450285 -0.244737 361
1731318450493 -0.344774 362
1731318450697 -0.418101 363
1731318450915 -0.020869 364
1731318451120 0.129758 365
1731318451317 -0.889232 366
1731318451510 -0.679177 367
1731318451748 -0.261144 368
1731318451941 -0.777207 369
1731318452139 -0.031255 370
1731318452315 0.084226 371
1731318452545 0.116414 372
1731318452807 -0.146093 373
1731318453027 -1.496261 374
1731318453248 -0.821527 375
1731318453539 -0.221109 376
1731318453751 -0.651208 377
1731318453936 0.219777 378
1731318454172 -1.028201 379
1731318454416 -0.038603 380
1731318454604 -0.863908 381
1731318454768 0.314642 382
1731318454990 0.196113 383
1731318455236 -0.966474 384
1731318455407 0.055724 385
1731318455617 -0.170217 386
1731318455890 -0.644063 387
1731318456095 -0.38259 388
1731318456338 -1.159131 389
1731318456544 -0.383167 390
1731318456842 -1.378114 391
1731318457068 0.066144 392
1731318457310 -0.465644 393
1731318457546 -0.511017 394
1731318457751 0.15904 395
1731318458010 -0.411456 396
1731318458241 0.060143 397
1731318458458 -0.935646 398
1731318458687 0.06864 399
1731318458931 -1.199902 400
1731318459151 -0.350443 401
1731318459468 -0.573441 402
1731318459785 0.361832 403
1731318459996 -0.374741 404
1731318460197 -0.09185 405
1731318460412 -0.897076 406
1731318460607 0.165394 407
1731318460852 0.205608 408
1731318461075 0.053714 409
1731318461283 -0.169551 410
1731318461510 0.141116 411
1731318461790 0.085609 412
1731318461974 -0.77764 413
1731318462187 -0.169384 414
1731318462409 0.264204 415
1731318462606 -0.140269 416
1731318462805 -0.509726 417
1731318463046 -0.897902 418
1731318463330 -0.285643 419
1731318463560 -0.171376 420
1731318463761 -1.091433 421
1731318463961 -0.446123 422
1731318464151 -0.132126 423
1731318464360 -0.608573 424
1731318464557 -0.256117 425
1731318464759 -0.583676 426
1731318464956 -0.546795 427
1731318465150 -0.25931 428
1731318465342 -1.670177 429
1731318465521 -0.078198 430
1731318465730 0.063777 431
1731318465908 -0.327261 432
1731318466107 -0.789668 433
1731318466318 0.070705 434
1731318466525 0.36934 435
1731318466715 -0.124003 436
1731318466910 0.229682 437
1731318467169 -1.275115 438
1731318467410 -1.298671 439
1731318467588 -0.047567 440
1731318467822 0.178635 441
1731318468015 -0.301457 442
1731318468225 0.207015 443
1731318468428 -1.142126 444
1731318468706 -0.084869 445
1731318468911 -1.029352 446
1731318469100 -0.340479 447
1731318469287 0.270613 448
1731318469468 -0.124034 449
1731318469688 -0.132321 450
1731318469906 0.269824 451
1731318470099 0.203777 452
1731318470305 0.140717 453
1731318470573 -0.504887 454
1731318470820 0.154091 455
1731318471009 -0.95523 456
1731318471190 -0.166719 457
1731318471381 0.09866 458
1731318471607 0.24445 459
1731318471872 -0.450815 460
1731318472087 -0.300719 461
1731318472346 -0.20656 462
1731318472560 0.263763 463
1731318472808 0.335461 464
1731318473015 -0.639374 465
1731318473280 -0.903014 466
1731318473519 -0.966402 467
1731318473753 0.182833 468
1731318473950 0.087482 469
1731318474233 -0.204501 470
1731318474424 -0.818216 471
1731318474678 -0.305127 472
1731318474911 0.447851 473
1731318475140 -0.787234 474
1731318475363 -0.089761 475
1731318475655 -0.271665 476
1731318475890 -1.116889 477
1731318476112 -0.374726 478
1731318476407 -0.10586 479
1731318476675 -1.137231 480
1731318476922 -0.495129 481
1731318477147 -0.903514 482
1731318477358 0.168716 483
1731318477609 -0.467699 484
1731318477887 -0.818508 485
1731318478117 -0.865566 486
1731318478334 -0.517179 487
1731318478543 -0.523989 488
1731318478853 0.23282 489
1731318479103 -0.350942 490
1731318479345 -0.307982 491
1731318479580 -0.783695 492
1731318479844 -0.370128 493
1731318480145 -0.786419 494
1731318480395 -0.282805 495
1731318480638 0.277025 496
1731318480886 -0.032737 497
1731318481114 0.06413 498
1731318481364 0.176144 499
1731318481565 0.374914 500
1731318481820 -0.258538 501
1731318482066 -1.027064 502
1731318482315 -0.918179 503
1731318482538 0.085729 504
1731318482728 -0.263577 505
1731318483022 -0.366683 506
1731318483250 -1.591273 507
1731318483501 0.20212 508
1731318483736 0.181493 509
1731318483990 -0.357734 510
1731318484226 -0.023454 511
1731318484412 0.158183 512
1731318484602 -0.379242 513
1731318484807 -0.036021 514
1731318485027 -0.438965 515
1731318485282 -0.371444 516
1731318485550 -0.895182 517
1731318485833 -0.052597 518
1731318486104 -0.335483 519
1731318486369 -0.50437 520
1731318486611 -0.683243 521
1731318486884 -0.107204 522
1731318487198 -0.929231 523
1731318487419 0.027399 524
1731318487663 -0.208485 525
1731318487909 -0.211269 526
1731318488200 -0.132878 527
1731318488413 0.108357 528
1731318488668 -1.303429 529
1731318488886 -0.007781 530
1731318489085 -0.889628 531
1731318489337 -0.765702 532
1731318489646 0.04662 533
1731318489917 -0.264013 534
1731318490110 -0.636929 535
1731318490310 0.090536 536
1731318490593 -0.971236 537
1731318490820 0.363353 538
1731318491091 0.194756 539
1731318491279 -0.373 540
1731318491491 -0.183404 541
1731318491755 -1.323781 542
1731318491979 0.217623 543
1731318492184 -0.407146 544
1731318492387 -1.359682 545
1731318492611 0.20815 546
1731318492867 -0.580598 547
1731318493105 -0.861009 548
1731318493327 0.196239 549
1731318493573 -0.790196 550
1731318493770 -0.290046 551
1731318493949 0.269296 552
1731318494164 -0.408829 553
1731318494383 -1.220907 554
1731318494663 -0.938124 555
1731318494856 -0.069498 556
1731318495070 0.366212 557
1731318495299 0.200995 558
1731318495537 0.32693 559
1731318495763 -0.287764 560
1731318495985 -1.230943 561
1731318496170 0.116372 562
1731318496396 -0.475018 563
1731318496692 -0.374849 564
1731318496883 0.011327 565
1731318497100 -0.923571 566
1731318497299 0.045942 567
1731318497513 -0.892399 568
1731318497686 -0.271884 569
1731318497909 0.329521 570
1731318498135 -0.985905 571
1731318498394 0.09129 572
1731318498609 0.117147 573
1731318498810 -0.933656 574
1731318499025 -0.167788 575
1731318499312 -0.369639 576
1731318499527 0.166473 577
1731318499760 -0.681133 578
1731318499995 0.327217 579
1731318500214 -0.453777 580
1731318500421 -0.798903 581
1731318500663 -0.063719 582
1731318500902 0.195125 583
1731318501133 0.172016 584
1731318501382 -0.761477 585
1731318501605 0.043398 586
1731318501854 -0.161203 587
1731318502084 -0.369029 588
1731318502300 -1.090446 589
1731318502512 0.06499 590
1731318502723 -0.946135 591
1731318502926 0.157563 592
1731318503151 -0.841653 593
1731318503381 -0.449638 594
1731318503609 -0.229624 595
1731318503815 0.173117 596
1731318504020 -0.052096 597
1731318504220 -0.551149 598
1731318504420 -0.201367 599
1731318504664 -1.086493 600
1731318504875 0.196741 601
1731318505103 0.199442 602
1731318505312 0.582015 603
1731318505496 0.258345 604
1731318505753 -0.363479 605
1731318505957 -1.222326 606
1731318506154 0.538618 607
1731318506329 -0.396971 608
1731318506515 0.441101 609
1731318506761 -1.028685 610
1731318506965 0.294862 611
1731318507171 -0.394381 612
1731318507406 -0.930297 613
1731318507614 -0.343109 614
1731318507873 -0.294089 615
1731318508129 -0.50819 616
1731318508336 0.186145 617
1731318508555 -0.213828 618
1731318508762 -0.134108 619
1731318508975 -0.243906 620
1731318509192 0.066753 621
1731318509492 -0.959722 622
1731318509726 -0.066686 623
1731318509910 -1.237598 624
1731318510169 -1.141833 625
1731318510404 -0.380353 626
1731318510659 -0.488865 627
1731318510881 -1.420275 628
1731318511080 -0.964887 629
1731318511385 -0.349055 630
1731318511646 -0.424374 631
1731318511882 0.067934 632
1731318512166 0.198306 633
1731318512390 -0.236551 634
1731318512624 -0.808194 635
1731318512834 -0.388232 636
1731318513053 -0.307577 637
1731318513237 0.253915 638
1731318513446 -0.246704 639
1731318513655 0.057034 640
1731318513863 -0.809454 641
1731318514123 -0.123587 642
1731318514339 0.227886 643
1731318514546 0.076109 644
1731318514813 -0.278783 645
1731318515089 -0.201761 646
1731318515274 -0.929361 647
1731318515509 -0.007408 648
1731318515720 0.435009 649
1731318515910 -0.612706 650
1731318516103 -0.843137 651
1731318516375 -1.061558 652
1731318516582 -0.038528 653
1731318516769 0.032324 654
1731318516956 0.165803 655
1731318517135 0.047741 656
1731318517312 0.075227 657
1731318517513 -0.936358 658
1731318517741 -0.188731 659
1731318517927 -0.516351 660
1731318518109 -0.50431 661
1731318518316 -0.01831 662
1731318518508 -1.613034 663
1731318518710 -1.517732 664
1731318518902 -0.432427 665
1731318519118 -0.133631 666
1731318519321 -1.41215 667
1731318519673 -1.110892 668
1731318519870 0.392403 669
1731318520081 -0.232305 670
1731318520304 0.04875 671
1731318520522 -0.823023 672
1731318520747 -0.679564 673
1731318520940 -0.510997 674
1731318521172 0.003831 675
1731318521410 0.437365 676
1731318521646 -0.162466 677
1731318521850 -0.674223 678
1731318522118 -1.284296 679
1731318522308 -0.012847 680
1731318522502 -1.114119 681
1731318522711 -0.815815 682
1731318522945 -0.481496 683
1731318523208 -0.996485 684
1731318523428 0.188305 685
1731318523645 -1.264199 686
1731318523847 -0.916913 687
1731318524080 0.202023 688
1731318524316 0.173295 689
1731318524543 0.137825 690
1731318524774 -0.0416 691
1731318525001 -0.66419 692
1731318525185 0.101579 693
1731318525385 -0.007543 694
1731318525592 0.189348 695
1731318525842 0.332247 696
1731318526029 0.2617 697
1731318526203 0.160779 698
1731318526408 -0.339305 699
1731318526630 0.30181 700
1731318526850 -0.149905 701
1731318527054 -0.459472 702
1731318527287 -1.178505 703
1731318527468 -0.337932 704
1731318527651 0.129384 705
1731318527864 -0.01561 706
1731318528124 -0.753282 707
1731318528367 -0.023993 708
1731318528602 -0.379718 709
1731318528801 -0.161834 710
1731318528981 0.29975 711
1731318529183 -1.166218 712
1731318529390 0.122132 713
1731318529611 -0.538584 714
1731318529835 -1.266443 715
1731318530085 -0.284458 716
1731318530271 0.368104 717
1731318530477 -0.087496 718
1731318530692 -0.763147 719
1731318530906 -0.288449 720
1731318531100 -0.244857 721
1731318531311 0.24572 722
1731318531520 -1.415472 723
1731318531786 0.131852 724
1731318532007 -0.432492 725
1731318532247 0.019676 726
1731318532460 -0.133656 727
1731318532645 -0.454418 728
1731318532854 -0.08152 729
1731318533084 0.240571 730
1731318533239 -0.309366 731
1731318533458 0.011349 732
1731318533690 -0.757777 733
1731318533859 -0.080336 734
1731318534075 -0.05654 735
1731318534305 -0.66466 736
1731318534477 -0.081667 737
1731318534735 -0.146189 738
1731318534923 -0.285755 739
1731318535156 -0.021826 740
1731318535438 -0.527189 741
1731318535679 -0.196815 742
1731318535904 0.141012 743
1731318536131 0.002596 744
1731318536331 -0.902614 745
1731318536553 -0.365561 746
1731318536780 -0.607956 747
1731318536999 -0.083169 748
1731318537173 -0.739984 749
1731318537391 -0.216422 750
1731318537591 -0.156098 751
1731318537809 0.352022 752
1731318538011 -0.375605 753
1731318538225 -1.156948 754
1731318538438 -0.026425 755
1731318538638 -0.579591 756
1731318538887 -1.034816 757
1731318539076 -0.339785 758
1731318539301 -0.768798 759
1731318539512 -0.953589 760
1731318539710 0.102957 761
1731318539908 0.065518 762
1731318540148 -0.333904 763
1731318540358 -0.91407 764
1731318540591 -0.238037 765
1731318540828 0.159447 766
1731318541037 0.216746 767
1731318541268 -1.033866 768
1731318541476 0.052853 769
1731318541662 -0.243937 770
1731318541903 0.086908 771
1731318542133 0.143961 772
1731318542355 -0.118298 773
1731318542591 -0.764758 774
1731318542772 0.053001 775
1731318542967 0.134955 776
1731318543164 -0.565087 777
1731318543399 0.054214 778
1731318543585 -1.127241 779
1731318543820 -0.668131 780
1731318544018 -0.892398 781
1731318544241 0.209824 782
1731318544484 -0.709098 783
1731318544715 -0.641996 784
1731318544950 -0.913682 785
1731318545175 0.048106 786
1731318545379 -0.555069 787
1731318545568 -0.16704 788
1731318545794 0.087346 789
1731318546023 -0.610577 790
1731318546258 -0.431236 791
1731318546443 -0.425082 792
1731318546674 -0.246687 793
1731318546853 -0.114381 794
1731318547104 0.047354 795
1731318547352 0.071047 796
1731318547576 -0.200709 797
1731318547775 -0.249063 798
1731318547970 -1.103707 799
1731318548203 -0.083556 800
1731318548393 -0.419915 801
1731318548606 0.062659 802
1731318548844 0.371846 803
1731318549057 -0.491358 804
1731318549270 -0.690657 805
1731318549455 0.317904 806
1731318549661 -0.149878 807
1731318549891 -0.422688 808
1731318550129 -0.244072 809
1731318550338 0.157975 810
1731318550571 -0.485053 811
1731318550785 -1.054605 812
1731318550960 -0.538083 813
1731318551223 0.041944 814
1731318551446 -0.00466 815
1731318551689 0.092645 816
1731318551966 0.116603 817
1731318552138 -0.276647 818
1731318552337 0.06925 819
1731318552524 -0.721636 820
1731318552730 -0.937573 821
1731318552909 0.194798 822
1731318553079 0.151344 823
1731318553267 -1.143228 824
1731318553437 -0.215222 825
1731318553642 0.033444 826
1731318553814 0.152297 827
1731318553982 -0.156 828
1731318554187 -0.372371 829
1731318554380 0.14286 830
1731318554574 0.063159 831
1731318554792 -0.127379 832
1731318554983 -0.353415 833
1731318555170 -0.263536 834
1731318555349 0.104211 835
1731318555532 0.008822 836
1731318555732 0.405981 837
1731318555935 -0.942921 838
1731318556143 -0.328534 839
1731318556320 0.017376 840
1731318556540 -0.223408 841
1731318556729 -0.270815 842
1731318556944 -0.413175 843
1731318557112 0.320949 844
1731318557339 -0.062868 845
1731318557508 -0.751135 846
1731318557698 -0.503005 847
1731318557906 0.210922 848
1731318558092 -0.00663 849
1731318558305 -1.106261 850
1731318558514 0.148044 851
1731318558735 -0.284359 852
1731318558951 -0.490335 853
1731318559159 -0.190674 854
1731318559357 -1.154289 855
1731318559546 -0.69412 856
1731318559761 -0.046663 857
1731318559962 -0.34158 858
1731318560166 0.024288 859
1731318560354 -0.179043 860
1731318560531 0.343292 861
1731318560736 0.095705 862
1731318560945 0.015901 863
1731318561125 -1.529556 864
1731318561320 0.289634 865
1731318561544 -1.275434 866
1731318561785 -0.059607 867
1731318561979 -0.651586 868
1731318562226 -0.668572 869
1731318562446 0.391431 870
1731318562659 0.177967 871
1731318562886 -0.149071 872
1731318563131 -0.226182 873
1731318563351 0.282336 874
1731318563600 0.138232 875
1731318563868 -1.051359 876
1731318564147 -0.200619 877
1731318564365 -0.03374 878
1731318564561 -1.23524 879
1731318564805 -0.37813 880
1731318565018 -0.18622 881
1731318565284 0.008999 882
1731318565479 -1.235528 883
1731318565680 0.015323 884
1731318565942 -0.011516 885
1731318566193 -0.258106 886
1731318566417 -0.838706 887
1731318566655 -1.283109 888
1731318566890 0.346522 889
1731318567108 -1.18985 890
1731318567311 -0.76431 891
1731318567500 -1.080441 892
1731318567714 -0.148563 893
1731318567951 -0.29978 894
1731318568131 -1.449444 895
1731318568335 0.076747 896
1731318568571 -0.208685 897
1731318568759 0.125177 898
1731318568964 -1.159433 899
1731318569148 -0.438518 900
1731318569375 -0.126342 901
1731318569595 -0.872141 902
1731318569812 -0.242497 903
1731318570036 -0.118118 904
1731318570245 -0.127005 905
1731318570512 0.011447 906
1731318570735 0.136599 907
1731318570992 -0.262543 908
1731318571270 -0.564337 909
1731318571514 0.2337 910
1731318571811 -0.572015 911
1731318572013 0.140015 912
1731318572200 -0.090379 913
1731318572472 -0.126544 914
1731318572714 -0.127445 915
1731318572978 -0.393867 916
1731318573186 -0.823122 917
1731318573381 -0.221899 918
1731318573575 -0.660935 919
1731318573810 -0.13109 920
1731318574042 -0.196161 921
1731318574339 -1.048502 922
1731318574598 -0.234462 923
1731318574780 -0.904484 924
1731318575013 -0.495936 925
1731318575237 -0.25636 926
1731318575433 -0.00815 927
1731318575649 -0.046444 928
1731318575912 -0.227751 929
1731318576152 -0.802442 930
1731318576391 -1.049594 931
1731318576630 -0.257582 932
1731318576883 0.137518 933
1731318577169 -0.272759 934
1731318577366 0.015353 935
1731318577561 -0.358409 936
1731318577809 0.061735 937
1731318578001 -0.270222 938
1731318578211 -0.002912 939
1731318578411 -0.091388 940
1731318578642 0.168182 941
1731318578855 -0.204954 942
1731318579059 -0.65733 943
1731318579274 0.012241 944
1731318579492 0.000666 945
1731318579699 -0.011457 946
1731318579982 -0.21024 947
1731318580207 -0.170393 948
1731318580428 0.064188 949
1731318580619 -0.374338 950
1731318580836 -0.073564 951
1731318581073 -0.29971 952
1731318581303 -0.665605 953
1731318581524 -0.471456 954
1731318581749 -0.50989 955
1731318581973 -0.239282 956
1731318582178 -0.394846 957
1731318582382 0.008977 958
1731318582642 -0.326044 959
1731318582843 0.398276 960
1731318583072 -0.506088 961
1731318583327 -0.537612 962
1731318583610 -0.519193 963
1731318583857 -0.268169 964
1731318584118 -0.001373 965
1731318584321 0.030619 966
1731318584542 0.145596 967
1731318584728 -0.365005 968
1731318584937 -0.334576 969
1731318585115 -0.039708 970
1731318585302 -0.181524 971
1731318585531 -0.438232 972
1731318585746 0.447823 973
1731318585932 0.021574 974
1731318586111 0.319702 975
1731318586319 -0.922254 976
1731318586535 -0.243355 977
1731318586761 -0.213338 978
1731318586987 -0.367335 979
1731318587184 -0.32317 980
1731318587391 -0.20877 981
1731318587568 -0.763767 982
1731318587788 -0.770245 983
1731318587971 -0.071261 984
1731318588160 -0.240159 985
1731318588351 -0.232092 986
1731318588569 -0.085254 987
1731318588783 0.055533 988
1731318589040 -0.677895 989
1731318589240 -0.813903 990
1731318589424 0.078764 991
1731318589621 0.016514 992
1731318589837 0.081579 993
1731318590069 -0.786453 994
1731318590293 -0.342718 995
1731318590463 -0.466544 996
1731318590700 -0.380036 997
1731318590908 -0.403376 998
1731318591174 -0.028047 999
