1731918468429 -0.805233 0
1731918468993 -0.656475 1
1731918469382 -0.32497 2
1731918469723 -0.072987 3
1731918470102 -0.213484 4
1731918470572 -0.118057 5
1731918470976 -0.27468 6
1731918471419 -1.034599 7
1731918471832 -0.052989 8
1731918472234 -0.27649 9
1731918472744 0.285853 10
1731918473167 0.083643 11
1731918473615 0.004386 12
1731918474126 -1.010121 13
1731918474587 -0.601651 14
1731918475111 0.114008 15
1731918475593 0.154288 16
1731918476051 -0.328631 17
1731918476497 -0.196365 18
1731918476939 -0.075176 19
1731918477396 -0.62509 20
1731918477825 -0.413882 21
1731918478218 -0.127 22
1731918478674 -0.260562 23
1731918479120 -0.509827 24
1731918479536 -0.541894 25
1731918479943 -0.590493 26
1731918480330 -0.013114 27
1731918480786 -0.091407 28
1731918481202 -0.234614 29
1731918481668 -0.051056 30
1731918482166 -0.409329 31
1731918482664 -0.446069 32
1731918483101 -0.064105 33
1731918483525 -0.719354 34
1731918483943 -0.040579 35
1731918484352 -0.536382 36
1731918484823 -0.400546 37
1731918485269 -0.29126 38
1731918485673 -0.981496 39
1731918486077 -0.108244 40
1731918486461 -0.251019 41
1731918486958 -0.412678 42
1731918487399 -0.567342 43
1731918487820 -0.268348 44
1731918488228 -0.555221 45
1731918488621 -0.50167 46
1731918489006 -0.776926 47
1731918489440 0.11537 48
1731918489854 -0.991879 49
1731918490282 -0.514088 50
1731918490670 0.016419 51
1731918491093 0.147698 52
1731918491627 -0.353045 53
1731918492057 -0.611389 54
1731918492432 -0.079318 55
1731918492844 -0.826925 56
1731918493268 -0.128231 57
1731918493709 -0.498084 58
1731918494157 -0.653699 59
1731918494580 -0.798115 60
1731918495017 -0.903137 61
1731918495448 0.197855 62
1731918495883 -0.173051 63
1731918496275 -0.142909 64
1731918496664 -0.349425 65
1731918497056 -0.04473 66
1731918497423 0.257106 67
1731918497786 -0.939032 68
1731918498173 0.165809 69
1731918498576 -0.721325 70
1731918498984 -0.484569 71
1731918499393 -0.033813 72
1731918499850 -0.689972 73
1731918500294 -0.750539 74
1731918500722 -0.732505 75
1731918501132 0.010324 76
1731918501532 -0.682773 77
1731918501975 -0.142664 78
1731918502400 -0.31831 79
1731918502810 -0.055221 80
1731918503241 -0.013022 81
1731918503660 -0.567739 82
1731918504128 -0.402585 83
1731918504533 -0.063173 84
1731918504946 -0.008805 85
1731918505346 -0.945405 86
1731918505776 -0.381152 87
1731918506146 -0.76748 88
1731918506579 -0.465454 89
1731918507050 -0.01102 90
1731918507419 0.039113 91
1731918507817 -0.23525 92
1731918508194 -0.115443 93
1731918508587 -0.034528 94
1731918509005 -0.419778 95
1731918509422 -0.936136 96
1731918509822 -0.133329 97
1731918510232 0.098518 98
1731918510668 0.127058 99
1731918511071 -0.18354 100
1731918511478 -0.474328 101
1731918511900 -1.049929 102
1731918512336 0.289771 103
1731918512755 0.172851 104
1731918513182 -0.289995 105
1731918513619 -0.100102 106
1731918514012 -0.526749 107
1731918514417 -0.242905 108
1731918514945 0.242177 109
1731918515364 -0.087049 110
1731918515762 -0.30266 111
1731918516145 -0.271613 112
1731918516581 -0.463703 113
1731918516967 0.212969 114
1731918517349 -0.117705 115
1731918517767 -0.026174 116
1731918518190 0.063479 117
1731918518588 -0.063708 118
1731918519018 0.086251 119
1731918519422 -0.399591 120
1731918519879 -0.123164 121
1731918520271 -0.001756 122
1731918520719 0.051857 123
1731918521122 -0.36546 124
1731918521560 0.099745 125
1731918521971 -0.798898 126
1731918522393 0.059757 127
1731918522841 -0.581941 128
1731918523265 0.159994 129
1731918523680 0.112434 130
1731918524105 -0.04516 131
1731918524506 -0.06328 132
1731918524950 -0.13483 133
1731918525351 -0.654372 134
1731918525792 -0.548164 135
1731918526195 -0.436029 136
1731918526622 0.161491 137
1731918527023 -0.025833 138
1731918527426 0.101225 139
1731918527797 0.142882 140
1731918528189 -0.017321 141
1731918528580 -0.60353 142
1731918528980 -0.443792 143
1731918529427 -0.47158 144
1731918529820 -0.748337 145
1731918530244 -0.029779 146
1731918530633 0.186139 147
1731918531049 -0.119471 148
1731918531483 -0.520523 149
1731918531920 -0.431132 150
1731918532340 -0.258352 151
1731918532754 -0.881643 152
1731918533129 0.041694 153
1731918533524 -0.656338 154
1731918533913 -0.171933 155
1731918534299 0.156759 156
1731918534733 -0.086725 157
1731918535136 0.294223 158
1731918535554 0.154944 159
1731918535989 -0.302784 160
1731918536395 -0.445274 161
1731918536872 -0.109473 162
1731918537338 -1.157892 163
1731918537746 -0.119906 164
1731918538167 0.004464 165
1731918538580 -0.422917 166
1731918538963 0.145453 167
1731918539348 -0.088548 168
1731918539751 -0.146018 169
1731918540132 0.12349 170
1731918540523 -0.910819 171
1731918540911 -0.431711 172
1731918541303 -0.113089 173
1731918541708 -0.132851 174
1731918542122 -0.170745 175
1731918542527 0.129752 176
1731918542968 -0.859679 177
1731918543428 -0.357599 178
1731918543873 -0.275326 179
1731918544470 0.085853 180
1731918544892 -0.330585 181
1731918545314 0.064752 182
1731918545796 0.168913 183
1731918546186 -0.601537 184
1731918546590 -0.755941 185
1731918547013 -0.530057 186
1731918547457 0.135238 187
1731918547889 0.152101 188
1731918548279 0.110316 189
1731918548700 0.00061 190
1731918549106 0.147788 191
1731918549541 -0.40361 192
1731918549937 -0.393407 193
1731918550322 0.130816 194
1731918550701 0.109203 195
1731918551116 0.157238 196
1731918551477 -0.269837 197
1731918551915 -0.285194 198
1731918552329 0.052172 199
1731918552713 -0.466388 200
1731918553110 -0.222471 201
1731918553543 0.02289 202
1731918553960 0.049903 203
1731918554355 -0.049135 204
1731918554774 0.057864 205
1731918555201 -0.288725 206
1731918555638 -0.153958 207
1731918556045 -0.654986 208
1731918556430 -0.175453 209
1731918556830 -0.044976 210
1731918557211 -0.401667 211
1731918557644 0.085046 212
1731918558055 -0.263191 213
1731918558450 -0.552996 214
1731918558840 0.250374 215
1731918559264 -0.113819 216
1731918559690 -0.059233 217
1731918560100 -0.638734 218
1731918560498 -0.154193 219
1731918560903 0.207676 220
1731918561277 -0.456709 221
1731918561644 -0.224065 222
1731918562069 0.17172 223
1731918562477 0.199132 224
1731918562941 -0.277267 225
1731918563336 -0.190789 226
1731918563762 0.157187 227
1731918564148 0.026608 228
1731918564549 0.157201 229
1731918564928 -0.355465 230
1731918565333 -0.16052 231
1731918565715 -0.15233 232
1731918566085 0.145078 233
1731918566468 -0.5095 234
1731918566824 0.035218 235
1731918567214 -0.535442 236
1731918567603 -0.633942 237
1731918567981 -1.058109 238
1731918568367 -0.100441 239
1731918568777 -0.156602 240
1731918569157 -0.806321 241
1731918569550 -0.450133 242
1731918569977 -0.449348 243
1731918570399 -0.241778 244
1731918570817 -0.005091 245
1731918571267 0.018447 246
1731918571671 0.052764 247
1731918572042 -0.112407 248
1731918572406 -0.213132 249
1731918572793 0.177045 250
1731918573174 -0.734502 251
1731918573554 -1.160269 252
1731918573947 0.190834 253
1731918574341 -0.032982 254
1731918574744 -0.210794 255
1731918575163 -0.928416 256
1731918575555 -0.296742 257
1731918575985 -0.47469 258
1731918576451 -0.433206 259
1731918576862 -0.193391 260
1731918577254 0.02059 261
1731918577641 -0.046534 262
1731918578026 0.115504 263
1731918578403 -0.08136 264
1731918578788 -0.484796 265
1731918579167 0.015653 266
1731918579570 -0.166615 267
1731918579958 -0.199453 268
1731918580370 -0.107014 269
1731918580792 -0.15325 270
1731918581184 -0.113263 271
1731918581578 -0.9911 272
1731918581955 -0.200575 273
1731918582358 -0.611807 274
1731918582763 -0.638896 275
1731918583140 -0.561354 276
1731918583511 -0.698587 277
1731918583876 -0.757321 278
1731918584257 -0.853045 279
1731918584659 -0.04719 280
1731918585034 0.005503 281
1731918585436 -0.898298 282
1731918585828 -0.062956 283
1731918586191 -0.175263 284
1731918586586 -0.435656 285
1731918586962 0.037828 286
1731918587366 -1.067172 287
1731918587744 0.040628 288
1731918588146 -0.23596 289
1731918588539 -0.091313 290
1731918588943 -0.608211 291
1731918589354 -0.058712 292
1731918589765 -0.390816 293
1731918590193 -0.027911 294
1731918590611 -0.170644 295
1731918590994 -0.221226 296
1731918591369 -0.706518 297
1731918591785 -0.334026 298
1731918592195 -0.926251 299
1731918592607 -0.078054 300
1731918592992 0.027785 301
1731918593388 -1.01106 302
1731918593763 -0.430928 303
1731918594154 -0.027538 304
1731918594557 -0.017645 305
1731918594941 -0.90984 306
1731918595301 -0.746589 307
1731918595720 0.00095 308
1731918596087 -0.866628 309
1731918596467 -0.526222 310
1731918596832 -0.909866 311
1731918597222 -0.588644 312
1731918597613 -0.116687 313
1731918598019 -0.572035 314
1731918598432 -0.152688 315
1731918598845 0.039771 316
1731918599255 -0.718382 317
1731918599675 0.004607 318
1731918600106 -0.405376 319
1731918600488 -0.495819 320
1731918600871 0.024792 321
1731918601250 -0.53149 322
1731918601607 -0.610811 323
1731918601990 -0.407249 324
1731918602372 -0.279247 325
1731918602766 -0.38064 326
1731918603170 0.056592 327
1731918603589 -0.313181 328
1731918603989 -0.423626 329
1731918604385 -0.250377 330
1731918604773 0.079794 331
1731918605151 -0.133776 332
1731918605651 -0.013124 333
1731918606082 -0.028119 334
1731918606479 -0.12025 335
1731918606869 -0.33273 336
1731918607283 -0.362612 337
1731918607720 -0.822885 338
1731918608108 -0.72034 339
1731918608561 -0.281638 340
1731918609010 -0.466418 341
1731918609401 -0.033759 342
1731918609845 -0.357985 343
1731918610232 -0.28643 344
1731918610701 -0.667807 345
1731918611102 -1.119073 346
1731918611504 -0.169025 347
1731918611942 -0.489675 348
1731918612386 -0.696467 349
1731918612852 -0.132845 350
1731918613278 -0.181816 351
1731918613735 -0.001452 352
1731918614144 -0.642886 353
1731918614595 -0.398036 354
1731918615050 0.037599 355
1731918615475 -0.736373 356
1731918615888 -0.083632 357
1731918616399 -0.912372 358
1731918616859 -0.558226 359
1731918617345 -0.680443 360
1731918617811 -0.037008 361
1731918618251 -0.050101 362
1731918618628 -0.258661 363
1731918619030 -0.12029 364
1731918619475 -0.270428 365
1731918619876 -0.63428 366
1731918620298 -0.032072 367
1731918620741 -0.092845 368
1731918621156 -0.537121 369
1731918621610 0.085395 370
1731918622085 -1.047426 371
1731918622517 -0.152226 372
1731918622946 -0.675653 373
1731918623350 -0.564545 374
1731918623854 -0.359466 375
1731918624262 0.100323 376
1731918624711 -0.596634 377
1731918625126 0.153418 378
1731918625555 -0.000953 379
1731918626002 -0.259306 380
1731918626443 -0.01281 381
1731918626845 -0.257141 382
1731918627244 -0.824612 383
1731918627675 -0.019534 384
1731918628066 -0.101044 385
1731918628466 -0.566521 386
1731918628854 -0.672929 387
1731918629263 -0.614531 388
1731918629702 -0.710196 389
1731918630097 -0.045381 390
1731918630536 -0.549886 391
1731918630986 -0.632994 392
1731918631411 -0.08875 393
1731918631830 -0.814099 394
1731918632247 0.03887 395
1731918632688 -0.381707 396
1731918633092 -0.214073 397
1731918633502 -0.258491 398
1731918633900 -0.187287 399
1731918634292 -0.133391 400
1731918634742 0.024276 401
1731918635164 0.04535 402
1731918635627 -0.06008 403
1731918636041 -1.168781 404
1731918636475 0.440215 405
1731918636887 -0.680767 406
1731918637298 -0.12968 407
1731918637685 -0.472883 408
1731918638097 -1.044467 409
1731918638557 -0.28883 410
1731918638983 0.008532 411
1731918639469 -0.469612 412
1731918639887 0.476825 413
1731918640331 -0.02964 414
1731918640744 -0.701663 415
1731918641201 -1.425462 416
1731918641646 -0.487737 417
1731918642036 -0.05268 418
1731918642442 -0.060388 419
1731918642885 -0.212035 420
1731918643322 0.117786 421
1731918643748 -0.514908 422
1731918644173 -1.068653 423
1731918644608 -0.613494 424
1731918645024 -0.620587 425
1731918645428 -0.156311 426
1731918645852 0.084372 427
1731918646249 -1.497069 428
1731918646680 -1.291941 429
1731918647127 -0.535955 430
1731918647569 -0.636961 431
1731918647984 -0.058891 432
1731918648420 -1.200385 433
1731918648856 -0.281797 434
1731918649278 -0.961679 435
1731918649699 -0.511285 436
1731918650114 -0.238431 437
1731918650572 0.08488 438
1731918651002 -0.790493 439
1731918651414 0.093244 440
1731918651850 -0.072658 441
1731918652268 -0.342384 442
1731918652701 -0.429523 443
1731918653234 -1.282264 444
1731918653646 -0.001376 445
1731918654091 -0.185291 446
1731918654501 -0.279284 447
1731918654929 -0.350325 448
1731918655355 -0.256255 449
1731918655786 -0.380982 450
1731918656228 -0.416915 451
1731918656682 -0.388676 452
1731918657134 -0.109803 453
1731918657636 -0.184603 454
1731918658044 -0.14872 455
1731918658466 -0.634521 456
1731918658937 -0.058671 457
1731918659333 -0.321073 458
1731918659742 -0.130265 459
1731918660153 -0.806147 460
1731918660580 -0.126038 461
1731918661011 -0.263855 462
1731918661439 -0.253121 463
1731918661863 -0.252839 464
1731918662301 -0.70828 465
1731918662743 -0.187795 466
1731918663190 -0.230411 467
1731918663607 -0.551202 468
1731918664013 -0.275608 469
1731918664473 -0.426028 470
1731918664925 -0.059188 471
1731918665322 -0.137133 472
1731918665757 -0.289967 473
1731918666213 -0.999464 474
1731918666681 -1.32575 475
1731918667123 -1.347602 476
1731918667545 -1.074833 477
1731918667992 -0.271221 478
1731918668446 -0.226159 479
1731918668849 -0.315807 480
1731918669264 0.100039 481
1731918669668 -0.367625 482
1731918670076 -0.251861 483
1731918670548 -0.298538 484
1731918670945 -0.772282 485
1731918671373 -1.047993 486
1731918671755 -0.780971 487
1731918672197 -0.207029 488
1731918672584 -0.03229 489
1731918672971 -0.221763 490
1731918673355 -0.639722 491
1731918673799 -0.596649 492
1731918674204 -0.189872 493
1731918674642 -0.672336 494
1731918675062 -0.051494 495
1731918675543 -0.529644 496
1731918675946 -0.912596 497
1731918676362 -0.052358 498
1731918676821 -0.172267 499
1731918677207 -0.083888 500
1731918677675 -0.149296 501
1731918678077 -0.583014 502
1731918678491 -0.581756 503
1731918678962 -0.313318 504
1731918679398 -0.501622 505
1731918679853 -0.78969 506
1731918680316 0.065415 507
1731918680732 -1.021566 508
1731918681209 -0.095928 509
1731918681654 -0.229014 510
1731918682077 -0.863611 511
1731918682503 -0.156035 512
1731918682896 -0.773991 513
1731918683297 -0.954932 514
1731918683737 -0.210912 515
1731918684174 -0.042904 516
1731918684640 -0.642138 517
1731918685075 -0.623779 518
1731918685522 -1.018317 519
1731918685945 -0.370539 520
1731918686373 -0.32544 521
1731918686790 -0.424222 522
1731918687217 -0.243256 523
1731918687604 -0.579796 524
1731918688026 -0.341824 525
1731918688427 -0.683518 526
1731918688846 -0.972098 527
1731918689273 -0.650264 528
1731918689717 -0.025353 529
1731918690115 -0.084851 530
1731918690565 -0.087972 531
1731918690963 0.037296 532
1731918691392 -0.04016 533
1731918691813 0.044588 534
1731918692232 -1.349074 535
1731918692690 -0.630251 536
1731918693145 -0.317777 537
1731918693567 0.153531 538
1731918694028 0.145277 539
1731918694468 -0.048117 540
1731918694915 -0.021466 541
1731918695358 -0.263035 542
1731918695753 0.133995 543
1731918696165 -0.885327 544
1731918696598 -0.133706 545
1731918697010 -0.051102 546
1731918697400 -0.492047 547
1731918697800 -1.141042 548
1731918698198 -0.15812 549
1731918698637 -0.300846 550
1731918699075 0.213522 551
1731918699469 -0.26094 552
1731918699912 -0.125482 553
1731918700335 -0.175612 554
1731918700762 -0.001713 555
1731918701170 -0.295719 556
1731918701613 -0.12753 557
1731918702027 -0.512052 558
1731918702457 -0.999735 559
1731918702860 -1.285422 560
1731918703283 -0.593043 561
1731918703699 0.219169 562
1731918704144 -0.632228 563
1731918704582 -0.025808 564
1731918705017 -0.647046 565
1731918705423 -0.552751 566
1731918705887 -1.037083 567
1731918706375 -0.705989 568
1731918706783 -0.559082 569
1731918707172 0.064091 570
1731918707594 -0.157598 571
1731918708017 -0.195953 572
1731918708429 -0.247239 573
1731918708874 -0.107512 574
1731918709284 -0.620224 575
1731918709698 -0.219048 576
1731918710083 -0.250907 577
1731918710565 -0.240293 578
1731918710982 0.054933 579
1731918711473 -0.551423 580
1731918711866 0.082861 581
1731918712278 -0.149574 582
1731918712732 -0.028864 583
1731918713146 -0.09932 584
1731918713579 0.001636 585
1731918713975 -0.143762 586
1731918714431 -0.030012 587
1731918714884 -0.19354 588
1731918715302 -0.235925 589
1731918715716 -0.018323 590
1731918716126 -0.74485 591
1731918716544 0.064798 592
1731918717003 -0.148039 593
1731918717459 -0.731589 594
1731918717894 -0.857869 595
1731918718287 -0.351988 596
1731918718719 -0.043337 597
1731918719119 0.043158 598
1731918719570 -0.414943 599
1731918719984 -0.251232 600
1731918720424 -0.305365 601
1731918720819 -0.566047 602
1731918721194 -0.175802 603
1731918721613 -0.411644 604
1731918722007 -1.02358 605
1731918722450 -0.35267 606
1731918722891 -1.006476 607
1731918723372 0.047492 608
1731918723815 -0.280962 609
1731918724279 0.001099 610
1731918724688 -0.953673 611
1731918725151 -0.259761 612
1731918725576 -0.900486 613
1731918726031 -1.85368 614
1731918726442 -0.032083 615
1731918726840 -0.382084 616
1731918727250 -0.738937 617
1731918727639 -0.094804 618
1731918728042 -0.223976 619
1731918728532 -0.836117 620
1731918728920 -0.200004 621
1731918729340 -0.142882 622
1731918729772 -0.186373 623
1731918730165 -0.158018 624
1731918730598 0.028599 625
1731918731028 -0.132224 626
1731918731453 -0.059446 627
1731918731846 -0.053012 628
1731918732235 -0.835605 629
1731918732683 -0.676749 630
1731918733090 -0.897593 631
1731918733542 -0.157556 632
1731918733942 -0.311498 633
1731918734376 -0.121322 634
1731918734823 -0.976884 635
1731918735244 -0.105809 636
1731918735661 -0.519578 637
1731918736108 0.210637 638
1731918736576 -0.069429 639
1731918737025 -0.178136 640
1731918737533 -0.045028 641
1731918737974 -0.922335 642
1731918738451 0.267728 643
1731918738929 0.057027 644
1731918739376 -0.470631 645
1731918739823 -0.849884 646
1731918740233 -0.173824 647
1731918740680 0.034528 648
1731918741111 0.173054 649
1731918741525 0.340059 650
1731918741916 -0.179271 651
1731918742323 -0.052207 652
1731918742784 -0.119007 653
1731918743245 0.010153 654
1731918743705 0.039318 655
1731918744088 -0.60434 656
1731918744518 0.218517 657
1731918745001 -0.093653 658
1731918745445 -0.068659 659
1731918745864 0.082996 660
1731918746261 0.09478 661
1731918746686 -1.05539 662
1731918747128 -0.029107 663
1731918747546 -0.291855 664
1731918747982 -0.124108 665
1731918748440 -0.297634 666
1731918748898 -0.706103 667
1731918749355 0.10165 668
1731918749806 -0.266093 669
1731918750275 -0.738653 670
1731918750752 -1.03068 671
1731918751152 0.141432 672
1731918751631 -0.80659 673
1731918752037 0.066384 674
1731918752465 -0.773681 675
1731918752864 -0.173801 676
1731918753254 -0.075466 677
1731918753687 0.222567 678
1731918754117 -0.741165 679
1731918754545 -0.202198 680
1731918754969 -0.340613 681
1731918755380 -0.234055 682
1731918755864 -0.552481 683
1731918756302 0.401107 684
1731918756706 -0.213096 685
1731918757169 -0.967949 686
1731918757583 -0.896052 687
1731918758078 -0.272262 688
1731918758492 -0.918512 689
1731918758944 0.128373 690
1731918759343 -0.288823 691
1731918759797 -0.233454 692
1731918760344 -1.43154 693
1731918760731 -0.101631 694
1731918761123 0.108149 695
1731918761539 -0.862641 696
1731918761949 -0.496299 697
1731918762380 -0.531905 698
1731918762882 -0.905562 699
1731918763339 -0.222874 700
1731918763788 0.03331 701
1731918764205 -0.161769 702
1731918764646 -0.145707 703
1731918765080 -1.652069 704
1731918765493 -0.991903 705
1731918765888 -0.489899 706
1731918766307 -0.656035 707
1731918766735 0.145703 708
1731918767185 -1.046269 709
1731918767625 -0.934703 710
1731918768049 -0.898219 711
1731918768545 -0.313468 712
1731918768940 -0.256267 713
1731918769344 -0.898429 714
1731918769742 0.066489 715
1731918770147 0.004962 716
1731918770610 -1.113092 717
1731918771031 -0.916489 718
1731918771449 -0.827664 719
1731918771887 -0.917855 720
1731918772310 -0.355517 721
1731918772716 -0.12408 722
1731918773137 -0.149931 723
1731918773595 -0.905586 724
1731918774026 -0.186687 725
1731918774506 -0.004952 726
1731918774909 -0.163769 727
1731918775310 0.258027 728
1731918775738 0.050102 729
1731918776167 -0.590223 730
1731918776594 -0.059702 731
1731918777034 -0.260669 732
1731918777492 -0.362808 733
1731918777964 -0.567379 734
1731918778437 0.046378 735
1731918778870 -0.275152 736
1731918779313 -0.160138 737
1731918779725 -0.098615 738
1731918780146 -0.158806 739
1731918780578 -0.115677 740
1731918781046 -0.068528 741
1731918781489 -0.1264 742
1731918781908 -0.75803 743
1731918782342 -0.205899 744
1731918782796 -0.064912 745
1731918783224 0.197522 746
1731918783647 -0.45758 747
1731918784090 0.032725 748
1731918784512 -0.62118 749
1731918784976 -0.157621 750
1731918785406 0.158203 751
1731918785853 0.084187 752
1731918786280 -0.136797 753
1731918786683 -0.095134 754
1731918787065 0.030068 755
1731918787473 -0.040732 756
1731918787918 -0.792817 757
1731918788364 -0.245954 758
1731918788792 -0.307861 759
1731918789239 -1.130424 760
1731918789675 -0.273282 761
1731918790120 0.039532 762
1731918790535 -0.644001 763
1731918790936 -1.119503 764
1731918791411 -0.074252 765
1731918791834 -0.162148 766
1731918792283 0.032839 767
1731918792701 0.201765 768
1731918793097 0.052041 769
1731918793498 -0.156922 770
1731918793899 -0.504148 771
1731918794297 0.22357 772
1731918794711 -0.754852 773
1731918795118 -0.0731 774
1731918795564 -0.104955 775
1731918796005 -0.099337 776
1731918796460 0.074849 777
1731918796868 -0.100176 778
1731918797296 -0.265767 779
1731918797760 0.134859 780
1731918798151 -0.935755 781
1731918798603 -0.044982 782
1731918799093 -0.709218 783
1731918799550 0.285921 784
1731918799979 -0.762751 785
1731918800429 -0.533067 786
1731918800847 -0.188185 787
1731918801269 0.008729 788
1731918801702 -0.329774 789
1731918802102 -0.00839 790
1731918802488 0.003017 791
1731918802934 -0.719859 792
1731918803447 -0.240084 793
1731918803860 0.103783 794
1731918804296 -0.36315 795
1731918804739 0.042585 796
1731918805168 -1.193001 797
1731918805585 -0.11826 798
1731918806001 0.24066 799
1731918806443 -0.1889 800
1731918806879 0.104455 801
1731918807310 -0.053654 802
1731918807729 -0.434974 803
1731918808137 -0.131413 804
1731918808599 -0.030598 805
1731918808976 0.14571 806
1731918809380 0.140883 807
1731918809782 -0.434462 808
1731918810236 0.064829 809
1731918810690 -0.61214 810
1731918811103 -0.149017 811
1731918811513 -0.973527 812
1731918811957 -0.721539 813
1731918812420 -0.20762 814
1731918812843 -0.200592 815
1731918813248 -0.537254 816
1731918813645 -0.088112 817
1731918814056 -0.076456 818
1731918814462 0.115008 819
1731918814893 0.040133 820
1731918815325 -0.021177 821
1731918815748 -0.94951 822
1731918816224 -0.256848 823
1731918816655 -0.790771 824
1731918817093 -0.258456 825
1731918817537 -0.831284 826
1731918817963 -0.127506 827
1731918818387 -0.033752 828
1731918818799 -0.07255 829
1731918819224 -1.307332 830
1731918819636 -0.048947 831
1731918820054 -0.162235 832
1731918820456 -0.407494 833
1731918820843 0.077643 834
1731918821237 -1.258813 835
1731918821648 -0.884514 836
1731918822056 0.042782 837
1731918822524 -0.069721 838
1731918822934 0.186768 839
1731918823368 -0.010238 840
1731918823774 -0.426857 841
1731918824179 -0.002143 842
1731918824596 -1.147862 843
1731918825011 -0.065223 844
1731918825435 -0.594514 845
1731918825865 -0.021355 846
1731918826272 -0.260219 847
1731918826690 -0.078949 848
1731918827117 -0.047963 849
1731918827535 -0.754818 850
1731918827948 -0.095463 851
1731918828368 -0.384366 852
1731918828789 -0.173311 853
1731918829191 0.091314 854
1731918829593 -0.638591 855
1731918829996 -1.025357 856
1731918830418 -0.403629 857
1731918830804 -0.497432 858
1731918831187 -0.035761 859
1731918831586 -0.098402 860
1731918831998 -0.491728 861
1731918832405 -0.157461 862
1731918832812 -0.564807 863
1731918833221 -0.103884 864
1731918833637 -0.834286 865
1731918834045 -0.149325 866
1731918834455 -0.422755 867
1731918834896 -0.772833 868
1731918835337 -0.221831 869
1731918835778 0.104179 870
1731918836196 -0.572166 871
1731918836624 0.041112 872
1731918837040 -0.823757 873
1731918837442 -0.493678 874
1731918837839 -1.132048 875
1731918838236 -0.3033 876
1731918838661 0.00271 877
1731918839085 -0.219214 878
1731918839500 -1.17742 879
1731918839911 -0.218236 880
1731918840366 -0.825976 881
1731918840799 -0.097832 882
1731918841195 -0.731084 883
1731918841582 -0.676381 884
1731918841969 -0.295173 885
1731918842364 -0.099411 886
1731918842771 0.084424 887
1731918843162 -0.045477 888
1731918843554 -0.825403 889
1731918843941 -0.078914 890
1731918844347 -1.320422 891
1731918844774 -1.355169 892
1731918845162 -0.783606 893
1731918845567 -0.588831 894
1731918845994 -0.105913 895
1731918846414 0.056392 896
1731918846841 -0.115134 897
1731918847261 -0.132451 898
1731918847652 -0.29234 899
1731918848083 -0.692853 900
1731918848504 -0.102472 901
1731918848905 0.177142 902
1731918849298 -0.662823 903
1731918849699 -0.141011 904
1731918850100 0.067489 905
1731918850511 -0.009822 906
1731918850911 -0.007084 907
1731918851305 -0.069598 908
1731918851695 -0.103466 909
1731918852092 0.35082 910
1731918852503 0.110856 911
1731918852916 -1.056361 912
1731918853321 -0.770538 913
1731918853703 -0.045596 914
1731918854104 -0.22058 915
1731918854499 -0.56774 916
1731918854908 -0.180068 917
1731918855308 -0.877891 918
1731918855740 -0.202357 919
1731918856140 -0.97775 920
1731918856543 -0.384648 921
1731918856945 -1.142364 922
1731918857353 -0.100512 923
1731918857757 -0.861758 924
1731918858135 -0.168067 925
1731918858577 -0.114306 926
1731918858999 -1.062278 927
1731918859464 -0.733193 928
1731918859921 -0.261566 929
1731918860390 -0.042708 930
1731918860912 -0.661678 931
1731918861325 -0.295117 932
1731918861763 -0.340813 933
1731918862167 -0.157048 934
1731918862619 -1.000543 935
1731918863036 -1.02923 936
1731918863460 -0.315763 937
1731918863893 0.009531 938
1731918864340 -0.455624 939
1731918864771 -0.435769 940
1731918865201 -0.933333 941
1731918865632 0.044491 942
1731918866055 -0.213459 943
1731918866526 -0.779775 944
1731918866956 -0.846232 945
1731918867410 -0.105235 946
1731918867875 -0.173621 947
1731918868260 -0.533056 948
1731918868709 -0.732899 949
1731918869138 0.015991 950
1731918869586 0.072557 951
1731918870018 -0.084053 952
1731918870470 -0.634 953
1731918870912 -0.597299 954
1731918871360 0.011497 955
1731918871799 -0.887396 956
1731918872245 -0.742251 957
1731918872665 -0.050128 958
1731918873068 0.197223 959
1731918873507 0.109542 960
1731918873947 -0.022679 961
1731918874433 -0.098339 962
1731918874878 -0.173184 963
1731918875297 -0.00439 964
1731918875720 -0.579954 965
1731918876182 -0.471448 966
1731918876643 -0.610294 967
1731918877126 -0.57374 968
1731918877590 -0.154124 969
1731918877998 0.038696 970
1731918878426 -0.484278 971
1731918878898 0.003388 972
1731918879338 -0.335222 973
1731918879737 -0.543571 974
1731918880227 -0.067196 975
1731918880694 -0.065599 976
1731918881125 -0.0081 977
1731918881550 -0.643141 978
1731918881947 -0.482942 979
1731918882331 0.002928 980
1731918882752 -0.014404 981
1731918883157 0.05571 982
1731918883559 -0.277898 983
1731918883994 -0.034357 984
1731918884403 -0.127438 985
1731918884820 -0.025428 986
1731918885245 -0.274315 987
1731918885677 0.068359 988
1731918886121 -0.085105 989
1731918886627 -0.715555 990
1731918887061 -0.000802 991
1731918887514 -0.214931 992
1731918887938 -0.489225 993
1731918888382 -0.226018 994
1731918888812 -0.059521 995
1731918889230 -0.514978 996
1731918889639 0.014886 997
1731918890042 -0.673483 998
1731918890452 -0.021214 999
