1730718767714 10.503451 3
1730718768293 229.808182 7
1730718768926 55.190872 11
1730718769470 141.934647 15
1730718769975 147.661011 19
1730718770488 45.029003 23
1730718771025 174.73436 27
1730718771570 93.868034 31
1730718772101 247.307999 35
1730718772578 131.468307 39
1730718773093 53.092442 43
1730718773593 213.361816 47
1730718774197 44.909271 51
1730718774733 209.686172 55
1730718775263 289.020172 59
1730718775759 235.794312 63
1730718776292 63.78981 67
1730718776783 4.050463 71
1730718777303 187.572098 75
1730718777866 235.241074 79
1730718778431 99.000618 83
1730718778967 128.298843 87
1730718779533 289.078278 91
1730718780069 59.791466 95
1730718780593 222.438538 99
1730718781095 32.227207 103
1730718781696 39.083549 107
1730718782284 79.008423 111
1730718782864 14.942414 115
1730718783328 235.353821 119
1730718783940 -127.561508 123
1730718784567 35.779617 127
1730718785161 50.843033 131
1730718785639 -50.658684 135
1730718786147 249.932983 139
1730718786682 35.088558 143
1730718787207 45.545834 147
1730718787701 128.871475 151
1730718788249 42.771824 155
1730718788789 63.709148 159
1730718789297 14.044504 163
1730718789758 231.923721 167
1730718790349 40.688412 171
1730718790853 222.438858 175
1730718791437 7.395005 179
1730718791892 -23.543043 183
1730718792440 22.991339 187
1730718792915 30.185579 191
1730718793464 201.907059 195
1730718793972 105.411621 199
1730718794507 14.476436 203
1730718794986 48.665192 207
1730718795577 97.439461 211
1730718796107 227.802155 215
1730718796654 -69.351006 219
1730718797142 77.614876 223
1730718797804 26.015289 227
1730718798309 178.683731 231
1730718798864 3.381234 235
1730718799426 -14.451894 239
1730718800009 258.227142 243
1730718800556 44.560841 247
1730718801115 223.278717 251
1730718801625 140.915344 255
1730718802278 -34.35778 259
1730718802943 39.242664 263
1730718803645 142.678253 267
1730718804208 86.803802 271
1730718804796 81.797714 275
1730718805302 45.540504 279
1730718805913 53.188637 283
1730718806505 26.56974 287
1730718807113 171.885132 291
1730718807726 19.233194 295
1730718808273 30.180634 299
1730718808831 187.355896 303
1730718809407 155.912811 307
1730718809940 45.24107 311
1730718810527 32.225777 315
1730718811154 186.959427 319
1730718811807 213.91449 323
1730718812416 -88.148605 327
1730718813059 10.384801 331
1730718813546 116.975227 335
1730718814093 42.774994 339
1730718814619 -13.851511 343
1730718815194 209.727036 347
1730718815720 277.250854 351
1730718816441 -48.174572 355
1730718816958 140.918182 359
1730718817538 25.984907 363
1730718818068 -74.683167 367
1730718818593 54.073765 371
1730718819116 67.451935 375
1730718819667 242.737885 379
1730718820172 189.116135 383
1730718820734 266.076843 387
1730718821241 19.99082 391
1730718821826 12.808766 395
1730718822284 -47.99791 399
1730718822819 -43.276207 403
1730718823346 39.215405 407
1730718823914 35.078983 411
1730718824393 122.336884 415
1730718824965 48.984718 419
1730718825486 48.137993 423
1730718826040 78.482323 427
1730718826535 95.027809 431
1730718827088 19.635477 435
1730718827585 44.554745 439
1730718828111 150.720413 443
1730718828609 171.890656 447
1730718829158 47.731182 451
1730718829854 152.72789 455
1730718830405 -18.950666 459
1730718830959 83.861488 463
1730718831542 275.68927 467
1730718832122 184.151016 471
1730718832661 86.795433 475
1730718833223 103.055 479
1730718833761 146.236038 483
1730718834206 128.747253 487
1730718834691 173.274841 491
1730718835202 52.960979 495
1730718835772 44.559677 499
