1732011314086 0.228423 0
1732011315069 -0.162291 1
1732011315828 0.556701 2
1732011316671 0.233217 3
1732011317319 0.317175 4
1732011318038 0.443524 5
1732011318895 -0.00341 6
1732011319669 0.117319 7
1732011320376 0.370212 8
1732011321179 -0.074562 9
1732011321880 0.312283 10
1732011322758 1.120968 11
1732011323694 0.260768 12
1732011324810 0.675525 13
1732011325542 0.782151 14
1732011326275 0.196825 15
1732011326838 0.174363 16
1732011327634 0.215384 17
1732011328462 0.723994 18
1732011329078 0.514237 19
1732011329620 0.585014 20
1732011330294 1.068894 21
1732011331209 0.159079 22
1732011332184 0.147471 23
1732011332952 0.609097 24
1732011333743 0.397537 25
1732011334574 0.602431 26
1732011335146 0.57661 27
1732011335980 0.66119 28
1732011336563 0.367225 29
1732011337158 0.422587 30
1732011337768 0.434221 31
1732011338346 -0.058111 32
1732011338938 0.453859 33
1732011339505 0.895889 34
1732011340184 0.315719 35
1732011340833 -0.010578 36
1732011341439 0.910076 37
1732011342058 -0.012112 38
1732011342651 0.684653 39
1732011343214 -0.031455 40
1732011343790 0.411736 41
1732011344364 0.264532 42
1732011345007 -0.093096 43
1732011345572 0.500591 44
1732011346243 0.640492 45
1732011346863 -0.06704 46
1732011347410 -0.054428 47
1732011348009 0.200345 48
1732011348573 0.722141 49
1732011349103 0.147725 50
1732011349713 0.317176 51
1732011350263 0.629852 52
1732011350929 0.288168 53
1732011351510 0.196825 54
1732011352008 0.532404 55
1732011352724 0.282373 56
1732011353301 -0.009089 57
1732011353860 0.596875 58
1732011354374 -0.152771 59
1732011354904 0.873433 60
1732011355563 0.140628 61
1732011356091 -0.152771 62
1732011356588 0.315243 63
1732011357146 0.153786 64
1732011357670 0.782151 65
1732011358287 0.373936 66
1732011358861 0.696204 67
1732011359386 0.704743 68
1732011359932 0.123328 69
1732011360434 0.288168 70
1732011361042 0.439655 71
1732011361716 -0.010578 72
1732011362267 -0.069098 73
1732011362863 0.260768 74
1732011363507 0.514237 75
1732011364040 0.230274 76
1732011364636 0.282373 77
1732011365263 0.41703 78
1732011365789 -0.023993 79
1732011366299 0.212405 80
1732011366851 0.593343 81
1732011367464 0.684653 82
1732011367988 -0.021192 83
1732011368680 -0.079364 84
1732011369267 -0.24621 85
1732011369833 0.159079 86
1732011370455 0.453859 87
1732011371030 -0.231695 88
1732011371573 0.590498 89
1732011372174 0.21909 90
1732011372739 0.799805 91
1732011373310 -0.100969 92
1732011373894 0.359985 93
1732011374461 0.458291 94
1732011375078 0.426169 95
1732011375665 0.323161 96
1732011376247 -0.085589 97
1732011377271 0.2996 98
1732011377844 0.33314 99
1732011378420 0.582869 100
1732011378961 -0.132391 101
1732011379510 0.282373 102
1732011380091 0.439421 103
1732011380706 0.40431 104
1732011381274 0.944046 105
1732011381821 0.174861 106
1732011382371 0.367752 107
1732011382896 0.411736 108
1732011383447 -0.069098 109
1732011383980 0.602771 110
1732011384618 -0.090838 111
1732011385175 0.144772 112
1732011385788 -0.179459 113
1732011386405 -0.214188 114
1732011386931 -0.16905 115
1732011387475 0.312283 116
1732011388094 -0.164664 117
1732011388635 -0.026085 118
1732011389162 0.244617 119
1732011389676 0.390524 120
1732011390353 0.765995 121
1732011390871 0.786216 122
1732011391423 0.567124 123
1732011391959 0.722141 124
1732011392510 0.676768 125
1732011393041 -0.099047 126
1732011393658 0.233217 127
1732011394240 0.27026 128
1732011394816 0.444414 129
1732011395444 0.2996 130
1732011396056 0.406058 131
1732011396599 0.568295 132
1732011397149 0.447647 133
1732011397730 0.568295 134
1732011398270 0.861823 135
1732011398780 0.117319 136
1732011399415 0.786216 137
1732011399965 -0.072131 138
1732011400565 0.786699 139
1732011401100 0.311869 140
1732011401665 0.212405 141
1732011402301 1.049357 142
1732011402951 0.609097 143
1732011403538 -0.043773 144
1732011404110 0.641304 145
1732011404681 0.66119 146
1732011405242 -0.06704 147
1732011405819 0.524345 148
1732011406402 -0.231695 149
1732011406974 0.309578 150
1732011407529 0.902624 151
1732011408071 0.145274 152
1732011408623 0.66119 153
1732011409182 0.696653 154
1732011409738 0.000275 155
1732011410265 -0.099047 156
1732011410802 0.196825 157
1732011411363 0.462186 158
1732011411911 -0.06704 159
1732011412501 0.215556 160
1732011413115 0.361814 161
1732011413701 0.049851 162
1732011414256 1.068894 163
1732011414795 0.531313 164
1732011415348 0.567124 165
1732011415906 0.260768 166
1732011416452 0.156179 167
1732011417005 0.081591 168
1732011417569 0.315719 169
1732011418121 0.439655 170
1732011418652 -0.072131 171
1732011419352 0.190412 172
1732011420012 0.604394 173
1732011420595 0.399432 174
1732011421180 0.763473 175
1732011421747 0.51538 176
1732011422273 0.147471 177
1732011422827 0.497766 178
1732011423492 -0.088817 179
1732011424032 0.145626 180
1732011424589 0.190412 181
1732011425130 0.171878 182
1732011425684 -0.080233 183
1732011426240 0.458291 184
1732011426810 0.215556 185
1732011427365 0.30276 186
1732011427929 0.719462 187
1732011428477 0.174363 188
1732011429050 0.593343 189
1732011429629 0.658537 190
1732011430186 0.370212 191
1732011430711 0.188825 192
1732011431247 -0.099176 193
1732011431809 0.755996 194
1732011432372 -0.077801 195
1732011432919 0.202964 196
1732011433433 -0.144065 197
1732011433981 0.40431 198
1732011434540 0.390409 199
1732011435067 0.401532 200
1732011435607 0.392133 201
1732011436122 0.616491 202
1732011436680 0.57701 203
1732011437231 0.404466 204
1732011437760 1.120968 205
1732011438295 0.275958 206
1732011438824 0.400426 207
1732011439377 -0.06875 208
1732011439898 0.427114 209
1732011440416 0.132198 210
1732011440954 -0.06875 211
1732011441449 0.273801 212
1732011442006 0.342619 213
1732011442511 0.422587 214
1732011443011 0.539176 215
1732011443519 0.305852 216
1732011444032 0.264532 217
1732011444588 -0.096087 218
1732011445204 -0.085589 219
1732011445775 0.243261 220
1732011446358 -0.090838 221
1732011446948 0.709124 222
1732011447508 0.049851 223
1732011448200 0.468022 224
1732011448691 0.57701 225
1732011449189 0.548374 226
1732011449680 0.566153 227
1732011450184 0.744109 228
1732011450723 0.252893 229
1732011451245 0.008074 230
1732011451772 0.664796 231
1732011452319 0.438156 232
1732011452854 0.390409 233
1732011453422 0.426169 234
1732011453966 -0.20242 235
1732011454504 -0.100969 236
1732011455034 0.356455 237
1732011455585 0.264532 238
1732011456118 0.641304 239
1732011456622 -0.043773 240
1732011457177 0.000275 241
1732011457703 -0.162291 242
1732011458234 -0.06875 243
1732011458751 0.539429 244
1732011459260 0.42841 245
1732011459789 0.468249 246
1732011460320 0.582869 247
1732011460827 -0.016846 248
1732011461340 0.133258 249
1732011461882 0.799805 250
1732011462412 -0.24302 251
1732011462920 -0.031455 252
1732011463476 0.244617 253
1732011464041 0.739354 254
1732011464555 0.244617 255
1732011465094 0.668564 256
1732011465610 0.400426 257
1732011466125 0.739354 258
1732011466642 0.422587 259
1732011467167 0.511172 260
1732011467710 0.511172 261
1732011468264 0.775404 262
1732011468800 0.032318 263
1732011469347 1.191007 264
1732011469874 0.567124 265
1732011470381 0.783627 266
1732011470920 0.854366 267
1732011471429 0.174995 268
1732011471959 0.590498 269
1732011472489 0.629852 270
1732011473013 0.190412 271
1732011473540 -0.093096 272
1732011474075 0.54648 273
1732011474640 0.431724 274
1732011475177 -0.152771 275
1732011475756 0.668263 276
1732011476265 0.230274 277
1732011476755 0.159079 278
1732011477276 -0.021192 279
1732011477808 -0.076367 280
1732011478346 0.861823 281
1732011478914 -0.032753 282
1732011479457 0.622013 283
1732011480009 -0.040766 284
1732011480561 0.593343 285
1732011481126 0.486721 286
1732011481681 0.452254 287
1732011482205 0.928713 288
1732011482764 0.371252 289
1732011483324 0.910076 290
1732011483857 0.583497 291
1732011484395 0.763473 292
1732011484952 -0.231695 293
1732011485467 0.57701 294
1732011485977 0.896778 295
1732011486490 0.622004 296
1732011487008 0.880277 297
1732011487626 -0.211466 298
1732011488167 0.840278 299
1732011488711 0.588272 300
1732011489233 0.824403 301
1732011489754 0.196825 302
1732011490281 0.294655 303
1732011490815 0.309578 304
1732011491351 0.2996 305
1732011491886 0.33314 306
1732011492442 0.291292 307
1732011493003 -0.044218 308
1732011493514 0.439655 309
1732011494028 -0.021192 310
1732011494574 0.202964 311
1732011495088 -0.231695 312
1732011495621 0.822366 313
1732011496205 0.567124 314
1732011496720 0.147471 315
1732011497264 0.376775 316
1732011497763 0.3049 317
1732011498301 0.41703 318
1732011498813 0.765995 319
1732011499336 0.836168 320
1732011499853 0.944046 321
1732011500381 -0.132663 322
1732011500897 -0.016512 323
1732011501468 0.82542 324
1732011502027 -0.026085 325
1732011502607 0.822366 326
1732011503161 0.032318 327
1732011503833 -0.099047 328
1732011504423 0.230274 329
1732011504957 -0.00341 330
1732011505530 0.581319 331
1732011506074 -0.06795 332
1732011506612 0.696653 333
1732011507156 -0.191788 334
1732011507710 0.41703 335
1732011508254 0.589931 336
1732011508754 0.196825 337
1732011509316 -0.162291 338
1732011509884 -0.20712 339
1732011510443 0.007092 340
1732011510957 0.666255 341
1732011511498 0.658878 342
1732011512034 0.389957 343
1732011512538 0.147471 344
1732011513055 0.372789 345
1732011513622 0.166037 346
1732011514178 0.281344 347
1732011514655 0.190926 348
1732011515173 0.582869 349
1732011515723 0.704743 350
1732011516276 0.420292 351
1732011516828 0.452254 352
1732011517369 -0.179492 353
1732011517946 0.489089 354
1732011518512 0.30276 355
1732011519041 0.497766 356
1732011519626 0.585014 357
1732011520183 0.385404 358
1732011520778 0.658878 359
1732011521376 0.676768 360
1732011521957 0.709124 361
1732011522563 0.36561 362
1732011523123 -0.124652 363
1732011523694 0.354639 364
1732011524245 -0.065341 365
1732011524796 -0.077331 366
1732011525322 0.046968 367
1732011525876 0.448697 368
1732011526429 0.074142 369
1732011526949 0.123802 370
1732011527483 0.54648 371
1732011528080 0.608803 372
1732011528707 0.788122 373
1732011529279 0.233217 374
1732011529836 0.566153 375
1732011530391 0.571265 376
1732011530940 0.132198 377
1732011531494 -0.120043 378
1732011532007 -0.177905 379
1732011532555 0.668559 380
1732011533085 -0.093513 381
1732011533684 -0.24621 382
1732011534208 0.718108 383
1732011534760 0.401532 384
1732011535360 -0.144065 385
1732011535940 -0.20242 386
1732011536502 0.387987 387
1732011537054 0.188825 388
1732011537605 0.329573 389
1732011538117 -0.044218 390
1732011538654 0.664796 391
1732011539174 -0.05038 392
1732011539739 0.513218 393
1732011540296 0.181178 394
1732011540875 0.145274 395
1732011541438 0.373936 396
1732011541993 0.760954 397
1732011542517 -0.074562 398
1732011543053 0.149344 399
1732011543592 0.641304 400
1732011544091 0.366853 401
1732011544605 0.032318 402
1732011545132 0.008074 403
1732011545735 0.524345 404
1732011546301 0.125617 405
1732011546810 0.54648 406
1732011547395 0.230274 407
1732011547961 1.068894 408
1732011548535 0.689822 409
1732011549105 0.622004 410
1732011549668 0.227774 411
1732011550223 -0.069098 412
1732011550752 0.299256 413
1732011551301 -0.011239 414
1732011551841 0.373936 415
1732011552361 0.309015 416
1732011552881 -0.048468 417
1732011553423 0.675525 418
1732011553975 0.198247 419
1732011554489 -0.093096 420
1732011555022 0.641304 421
1732011555609 0.238884 422
1732011556203 0.643004 423
1732011556797 0.49173 424
1732011557343 0.709124 425
1732011557884 -0.079364 426
1732011558444 0.420292 427
1732011558967 0.593343 428
1732011559489 -0.111798 429
1732011560038 0.696135 430
1732011560594 0.517845 431
1732011561126 0.727712 432
1732011561705 0.078616 433
1732011562252 -0.093513 434
1732011562809 -0.010578 435
1732011563345 0.166037 436
1732011563904 1.090374 437
1732011564500 -0.040766 438
1732011565096 0.682706 439
1732011565646 0.487475 440
1732011566173 0.275958 441
1732011566764 0.196825 442
1732011567350 0.596275 443
1732011567863 0.760954 444
1732011568400 0.140628 445
1732011568901 0.668263 446
1732011569387 0.685461 447
1732011569907 0.140628 448
1732011570424 0.149344 449
1732011570904 -0.066707 450
1732011571428 0.539429 451
1732011571948 0.641304 452
1732011572487 -0.023993 453
1732011573064 -0.201996 454
1732011573588 0.76825 455
1732011574119 0.722141 456
1732011574638 0.147 457
1732011575151 0.685461 458
1732011575695 0.372789 459
1732011576220 0.373936 460
1732011576768 -0.077331 461
1732011577304 0.365766 462
1732011577825 0.299256 463
1732011578370 -0.132391 464
1732011578864 0.420292 465
1732011579402 0.211592 466
1732011579941 0.149344 467
1732011580481 0.902624 468
1732011581040 0.117319 469
1732011581587 -0.06875 470
1732011582125 0.420292 471
1732011582661 0.705679 472
1732011583183 0.029113 473
1732011583721 0.443524 474
1732011584246 -0.160606 475
1732011584783 0.212405 476
1732011585338 0.149344 477
1732011585876 0.439421 478
1732011586405 0.503205 479
1732011586936 0.668564 480
1732011587458 0.593343 481
1732011588006 0.145626 482
1732011588527 -0.06704 483
1732011589049 0.675525 484
1732011589585 0.788122 485
1732011590104 0.21909 486
1732011590621 -0.06875 487
1732011591145 1.156065 488
1732011591732 -0.072131 489
1732011592277 0.353858 490
1732011592803 0.42841 491
1732011593404 0.227774 492
1732011593937 0.148172 493
1732011594505 0.592558 494
1732011595059 0.666255 495
1732011595621 -0.212511 496
1732011596163 -0.124304 497
1732011596697 0.202964 498
1732011597241 0.549521 499
