1732011313622 0.038898 0
1732011314757 0.192146 1
1732011315495 0.184151 2
1732011316194 0.125963 3
1732011317025 0.291876 4
1732011317651 0.105183 5
1732011318432 -0.00078 6
1732011319302 0.176385 7
1732011320109 0.211853 8
1732011320801 0.214036 9
1732011321617 0.104624 10
1732011322320 0.170419 11
1732011323351 0.293903 12
1732011324321 0.912392 13
1732011325077 0.909304 14
1732011325973 0.722504 15
1732011326635 1.012998 16
1732011327191 0.673863 17
1732011328076 0.801942 18
1732011328774 0.789238 19
1732011329377 1.037575 20
1732011329908 0.520334 21
1732011330755 0.177589 22
1732011331722 1.035253 23
1732011332667 0.216886 24
1732011333237 0.109073 25
1732011334252 -0.072313 26
1732011334880 0.140187 27
1732011335654 0.199522 28
1732011336286 0.051518 29
1732011336888 0.152371 30
1732011337476 0.587016 31
1732011338072 0.130297 32
1732011338650 2.325112 33
1732011339233 0.50391 34
1732011339878 0.826108 35
1732011340475 0.106758 36
1732011341106 0.671495 37
1732011341809 0.997257 38
1732011342368 0.148078 39
1732011342980 0.670537 40
1732011343499 0.824983 41
1732011344105 0.020902 42
1732011344727 0.051405 43
1732011345276 1.041267 44
1732011345971 0.1769 45
1732011346606 0.739724 46
1732011347196 0.147633 47
1732011347764 0.257866 48
1732011348298 0.156699 49
1732011348857 0.179879 50
1732011349457 0.635899 51
1732011350003 0.167031 52
1732011350557 0.053625 53
1732011351281 0.614715 54
1732011351779 0.199823 55
1732011352372 0.215947 56
1732011353058 0.076738 57
1732011353579 0.014933 58
1732011354131 0.835919 59
1732011354631 -0.110475 60
1732011355312 1.147517 61
1732011355853 0.521022 62
1732011356347 0.177738 63
1732011356873 0.146316 64
1732011357436 1.476142 65
1732011357998 0.727384 66
1732011358625 0.070622 67
1732011359158 -0.063088 68
1732011359664 0.182408 69
1732011360204 0.175934 70
1732011360796 0.885175 71
1732011361483 0.87301 72
1732011362001 0.553545 73
1732011362615 0.354247 74
1732011363213 0.798361 75
1732011363815 0.256872 76
1732011364393 0.158156 77
1732011364970 -0.05425 78
1732011365554 0.155797 79
1732011366049 0.191447 80
1732011366563 2.039646 81
1732011367239 0.300341 82
1732011367733 0.162613 83
1732011368443 0.976207 84
1732011368997 0.594899 85
1732011369576 0.288253 86
1732011370198 0.814145 87
1732011370736 0.206605 88
1732011371315 0.835265 89
1732011371920 1.1531 90
1732011372483 0.361556 91
1732011373032 0.50077 92
1732011373604 0.13853 93
1732011374198 0.198007 94
1732011374773 0.980552 95
1732011375390 0.629449 96
1732011375969 0.062016 97
1732011376973 0.552736 98
1732011377607 0.657805 99
1732011378143 0.149701 100
1732011378702 -0.07767 101
1732011379259 0.398124 102
1732011379831 1.056104 103
1732011380455 2.277605 104
1732011381001 0.126626 105
1732011381569 0.724229 106
1732011382107 0.857767 107
1732011382653 0.796638 108
1732011383205 0.167095 109
1732011383720 0.160796 110
1732011384373 0.169191 111
1732011384909 0.258872 112
1732011385463 0.716299 113
1732011386076 0.657785 114
1732011386686 0.096893 115
1732011387234 0.980432 116
1732011387825 0.204067 117
1732011388395 0.19729 118
1732011388922 1.163488 119
1732011389442 1.042168 120
1732011390130 0.18204 121
1732011390622 0.117818 122
1732011391168 0.156723 123
1732011391709 0.206271 124
1732011392245 0.186002 125
1732011392779 0.116022 126
1732011393395 0.686741 127
1732011393953 0.21904 128
1732011394551 0.200254 129
1732011395167 0.141003 130
1732011395756 1.012515 131
1732011396336 0.638609 132
1732011396905 0.130886 133
1732011397458 0.182848 134
1732011398020 0.893189 135
1732011398544 0.198218 136
1732011399149 0.100752 137
1732011399720 0.249153 138
1732011400288 0.932296 139
1732011400847 0.207018 140
1732011401401 0.121494 141
1732011402012 0.241741 142
1732011402700 0.285646 143
1732011403279 0.073766 144
1732011403848 -0.039255 145
1732011404418 0.662137 146
1732011404972 0.402403 147
1732011405570 0.165584 148
1732011406125 0.552953 149
1732011406707 1.075655 150
1732011407276 0.790279 151
1732011407819 0.586554 152
1732011408361 0.756078 153
1732011408921 0.720572 154
1732011409484 -0.02601 155
1732011410038 1.131146 156
1732011410562 0.085031 157
1732011411105 0.580333 158
1732011411649 0.303329 159
1732011412236 0.20018 160
1732011412845 0.079318 161
1732011413427 0.62815 162
1732011413997 0.10701 163
1732011414554 0.17933 164
1732011415092 0.077036 165
1732011415640 1.474955 166
1732011416203 0.167185 167
1732011416743 0.151355 168
1732011417299 0.166088 169
1732011417864 0.940706 170
1732011418406 -0.103045 171
1732011419100 0.142579 172
1732011419741 0.212943 173
1732011420329 0.025808 174
1732011420915 -0.098078 175
1732011421473 0.199895 176
1732011422029 0.225113 177
1732011422561 0.59675 178
1732011423213 1.243349 179
1732011423778 1.443412 180
1732011424323 0.193814 181
1732011424888 0.893967 182
1732011425417 0.938018 183
1732011425980 0.04267 184
1732011426520 0.02281 185
1732011427120 -0.09317 186
1732011427666 0.447607 187
1732011428212 0.353493 188
1732011428792 1.078309 189
1732011429373 0.164582 190
1732011429944 0.098604 191
1732011430473 0.172116 192
1732011430995 0.138428 193
1732011431518 0.547794 194
1732011432108 1.151253 195
1732011432661 0.051947 196
1732011433194 1.147692 197
1732011433727 0.196378 198
1732011434288 0.166521 199
1732011434814 0.144501 200
1732011435358 0.070864 201
1732011435881 0.163947 202
1732011436425 0.79129 203
1732011436954 0.631289 204
1732011437519 0.139811 205
1732011438042 0.550852 206
1732011438568 1.032104 207
1732011439114 0.816761 208
1732011439656 0.612613 209
1732011440172 0.896295 210
1732011440692 0.872465 211
1732011441232 0.387423 212
1732011441745 0.140488 213
1732011442290 0.880021 214
1732011442787 1.157888 215
1732011443302 0.24843 216
1732011443789 0.916788 217
1732011444317 0.158003 218
1732011444925 0.78854 219
1732011445504 0.319891 220
1732011446098 0.193376 221
1732011446637 0.167804 222
1732011447276 0.227119 223
1732011447981 0.791225 224
1732011448462 1.022873 225
1732011448959 0.180065 226
1732011449456 1.000027 227
1732011449947 0.127732 228
1732011450481 2.327885 229
1732011451008 0.183353 230
1732011451525 0.159726 231
1732011452072 0.839832 232
1732011452602 0.247274 233
1732011453150 0.99598 234
1732011453725 0.150915 235
1732011454269 0.182071 236
1732011454795 0.096879 237
1732011455326 0.198461 238
1732011455872 0.156772 239
1732011456397 0.616298 240
1732011456918 0.094244 241
1732011457458 0.935663 242
1732011457984 0.172133 243
1732011458513 0.113877 244
1732011459020 0.200318 245
1732011459556 0.163915 246
1732011460062 0.215517 247
1732011460592 0.172345 248
1732011461110 0.454925 249
1732011461642 -0.026028 250
1732011462163 0.193189 251
1732011462687 0.192164 252
1732011463213 0.958834 253
1732011463785 0.240219 254
1732011464322 0.116484 255
1732011464850 0.837558 256
1732011465375 0.735696 257
1732011465893 0.212396 258
1732011466412 0.03276 259
1732011466917 0.199858 260
1732011467461 0.595552 261
1732011468009 0.219723 262
1732011468556 0.328722 263
1732011469089 0.205037 264
1732011469639 0.824036 265
1732011470155 0.136002 266
1732011470666 0.823899 267
1732011471196 0.103062 268
1732011471731 0.72632 269
1732011472236 1.318423 270
1732011472783 0.070048 271
1732011473296 0.140768 272
1732011473823 0.746015 273
1732011474383 0.194804 274
1732011474917 0.194159 275
1732011475488 2.06573 276
1732011476041 0.182495 277
1732011476533 0.141888 278
1732011477033 0.913116 279
1732011477545 0.298072 280
1732011478092 -0.103706 281
1732011478622 0.214694 282
1732011479208 0.179043 283
1732011479744 0.090242 284
1732011480307 -0.052315 285
1732011480865 1.101666 286
1732011481420 0.118291 287
1732011481963 0.135803 288
1732011482510 1.203766 289
1732011483063 0.156889 290
1732011483600 1.359836 291
1732011484149 0.269386 292
1732011484705 0.182834 293
1732011485237 0.558238 294
1732011485740 0.257582 295
1732011486246 0.11648 296
1732011486767 1.151825 297
1732011487338 1.549618 298
1732011487916 0.621214 299
1732011488464 0.218379 300
1732011488984 0.110787 301
1732011489519 0.940581 302
1732011490036 0.126601 303
1732011490566 0.096946 304
1732011491093 0.206589 305
1732011491625 0.088659 306
1732011492185 0.285578 307
1732011492719 1.127959 308
1732011493283 0.241974 309
1732011493791 0.624285 310
1732011494304 0.352476 311
1732011494856 0.095623 312
1732011495377 0.119508 313
1732011495920 0.122351 314
1732011496473 1.305899 315
1732011496991 0.188472 316
1732011497547 1.424625 317
1732011498047 0.398117 318
1732011498588 0.74244 319
1732011499090 0.156236 320
1732011499622 -0.123105 321
1732011500121 0.755425 322
1732011500670 1.422459 323
1732011501204 0.371389 324
1732011501765 0.132222 325
1732011502352 0.104678 326
1732011502903 0.14161 327
1732011503491 0.127089 328
1732011504145 0.136828 329
1732011504726 0.131131 330
1732011505275 0.146699 331
1732011505804 0.358693 332
1732011506351 0.199531 333
1732011506913 1.076044 334
1732011507463 0.156252 335
1732011508007 1.100757 336
1732011508524 0.284476 337
1732011509039 0.182079 338
1732011509628 0.122229 339
1732011510157 -0.025324 340
1732011510712 0.051293 341
1732011511228 0.814497 342
1732011511787 0.41914 343
1732011512310 0.883726 344
1732011512816 0.167465 345
1732011513350 0.837256 346
1732011513899 0.171459 347
1732011514439 0.179724 348
1732011514954 0.239881 349
1732011515465 1.230628 350
1732011516005 -0.135019 351
1732011516566 0.198205 352
1732011517109 0.568366 353
1732011517676 1.003374 354
1732011518241 1.091078 355
1732011518800 0.091271 356
1732011519345 0.51928 357
1732011519914 0.329107 358
1732011520498 0.329718 359
1732011521099 0.174893 360
1732011521690 1.013009 361
1732011522277 0.220873 362
1732011522850 0.591579 363
1732011523416 0.974749 364
1732011523977 0.194753 365
1732011524527 0.594333 366
1732011525085 0.188043 367
1732011525610 0.917973 368
1732011526154 0.275598 369
1732011526711 0.702774 370
1732011527241 1.143753 371
1732011527816 0.905954 372
1732011528397 1.408995 373
1732011529014 -0.101765 374
1732011529582 0.216306 375
1732011530129 0.196101 376
1732011530687 0.221965 377
1732011531244 0.026826 378
1732011531770 0.736191 379
1732011532336 2.346006 380
1732011532846 0.293924 381
1732011533397 0.789882 382
1732011533953 0.36447 383
1732011534514 1.081936 384
1732011535046 0.200657 385
1732011535660 0.23236 386
1732011536244 0.338823 387
1732011536784 0.610732 388
1732011537356 0.007076 389
1732011537877 0.956168 390
1732011538383 0.147608 391
1732011538922 0.706779 392
1732011539501 1.200459 393
1732011540029 0.163889 394
1732011540616 0.811051 395
1732011541168 0.111431 396
1732011541750 0.326283 397
1732011542283 0.253825 398
1732011542810 0.153301 399
1732011543355 0.146544 400
1732011543872 0.159658 401
1732011544376 1.013817 402
1732011544871 0.139776 403
1732011545460 0.156249 404
1732011546049 0.301509 405
1732011546567 1.071615 406
1732011547112 0.000912 407
1732011547704 0.199608 408
1732011548265 0.956734 409
1732011548837 0.191295 410
1732011549425 0.136211 411
1732011549967 0.177272 412
1732011550503 0.214814 413
1732011551052 1.874167 414
1732011551591 0.331535 415
1732011552118 0.192792 416
1732011552642 0.028566 417
1732011553177 0.814459 418
1732011553718 0.178493 419
1732011554253 0.975327 420
1732011554775 0.220373 421
1732011555332 -0.026319 422
1732011555922 0.320294 423
1732011556491 0.398998 424
1732011557098 0.743064 425
1732011557636 0.290663 426
1732011558164 0.672679 427
1732011558725 0.120722 428
1732011559252 0.031177 429
1732011559783 0.627118 430
1732011560347 0.364003 431
1732011560875 0.149258 432
1732011561432 0.355381 433
1732011561999 1.220433 434
1732011562530 1.622173 435
1732011563097 0.17006 436
1732011563651 1.780598 437
1732011564223 0.490853 438
1732011564810 1.780544 439
1732011565392 0.782295 440
1732011565931 0.097814 441
1732011566508 0.835617 442
1732011567119 0.04453 443
1732011567638 0.136683 444
1732011568149 0.154487 445
1732011568656 0.205122 446
1732011569165 0.42152 447
1732011569673 0.162282 448
1732011570187 0.106795 449
1732011570692 0.890576 450
1732011571192 0.168803 451
1732011571702 0.141157 452
1732011572251 0.103483 453
1732011572780 0.166462 454
1732011573343 0.480844 455
1732011573862 0.168945 456
1732011574407 0.172829 457
1732011574918 -0.121454 458
1732011575431 0.068501 459
1732011575973 -0.045172 460
1732011576524 0.165424 461
1732011577053 1.096327 462
1732011577586 0.629819 463
1732011578110 0.20577 464
1732011578645 0.147273 465
1732011579148 -0.120992 466
1732011579692 0.774085 467
1732011580232 -0.07718 468
1732011580782 0.747126 469
1732011581334 0.275241 470
1732011581881 0.992546 471
1732011582424 0.976546 472
1732011582961 -0.025885 473
1732011583482 0.601912 474
1732011583997 0.148078 475
1732011584520 0.180658 476
1732011585065 0.02767 477
1732011585632 0.270871 478
1732011586163 0.930029 479
1732011586694 1.025945 480
1732011587218 0.025736 481
1732011587757 0.166402 482
1732011588292 0.883747 483
1732011588816 0.179338 484
1732011589334 0.315903 485
1732011589868 0.169214 486
1732011590387 0.824387 487
1732011590905 0.892317 488
1732011591437 0.153402 489
1732011592029 0.165847 490
1732011592578 0.115881 491
1732011593110 0.32746 492
1732011593683 0.192573 493
1732011594219 0.126492 494
1732011594791 0.153649 495
1732011595348 0.261745 496
1732011595906 -0.099643 497
1732011596455 0.175871 498
1732011597008 0.662214 499
