1731995020365 -3753.031367 0
1731995021021 -7822.610217 1
1731995021465 -16117.964165 2
1731995021932 -4292.178402 3
1731995022319 -3696.098692 4
1731995022654 948.532437 5
1731995022992 -6636.875169 6
1731995023446 2863.586542 7
1731995024206 -17833.061867 8
1731995024473 -8079.235036 9
1731995024900 39.506966 10
1731995025196 -3796.595988 11
1731995025764 -5417.194373 12
1731995026223 -1655.4954 13
1731995026696 -15070.220785 14
1731995027097 -3435.516298 15
1731995027830 -6686.584796 16
1731995028205 -35660.346315 17
1731995028652 -4468.884491 18
1731995029150 -2444.704408 19
1731995029655 -6755.92638 20
1731995030251 -12352.711249 21
1731995030618 -6180.903689 22
1731995031053 -3525.633724 23
1731995031961 -8275.755296 24
1731995032308 -15328.141114 25
1731995032658 -1038.065071 26
1731995033119 -4536.233671 27
1731995033592 -12752.823633 28
1731995033875 -2777.233977 29
1731995034250 3649.06032 30
1731995034660 -1616.697213 31
1731995035393 -270.377157 32
1731995035677 -4045.665666 33
1731995036267 982.452665 34
1731995036872 -24291.188629 35
1731995037295 -48093.350396 36
1731995037845 -10088.351075 37
1731995038170 -5539.602254 38
1731995038555 -3647.626912 39
1731995039356 -3213.64243 40
1731995039776 -6382.853753 41
1731995040229 -8598.296676 42
1731995040513 -2897.494299 43
1731995040787 185.436836 44
1731995041081 -2476.276679 45
1731995041367 -2009.11589 46
1731995041640 -10153.271887 47
1731995042185 -4838.178818 48
1731995042429 -22958.814686 49
1731995042653 1188.920074 50
1731995042882 -23176.936775 51
1731995043126 -1340.54138 52
1731995043385 -5004.020043 53
1731995043649 -2535.054273 54
1731995043917 -23379.84883 55
1731995044781 -24958.152834 56
1731995045156 -2248.771483 57
1731995045498 -1624.804495 58
1731995045838 -3473.027854 59
1731995046101 -23595.827397 60
1731995046378 -7211.370909 61
1731995046636 -19347.487325 62
1731995046869 5914.456029 63
1731995047335 -1785.445817 64
1731995047594 -8683.641909 65
1731995048097 -5070.363801 66
1731995048420 -10802.232414 67
1731995048793 -6697.646774 68
1731995049112 -41694.369672 69
1731995049477 -15843.121046 70
1731995049894 -21342.435852 71
1731995050816 -10610.896726 72
1731995051107 -18059.230713 73
1731995051409 -11050.371349 74
1731995051681 -6336.672194 75
1731995051945 -11197.270848 76
1731995052380 -18691.048053 77
1731995052699 -17631.425099 78
1731995052951 -18869.683195 79
1731995053574 -2977.047921 80
1731995053804 -11925.961415 81
1731995054032 -2275.025731 82
1731995054461 2006.681925 83
1731995055150 -1102.63965 84
1731995055628 -11965.402453 85
1731995055917 -4560.916666 86
1731995056227 -1863.837367 87
1731995057007 -13564.691744 88
1731995057407 -3027.865196 89
1731995057679 -22953.742887 90
1731995057930 -31944.721632 91
1731995058175 974.983762 92
1731995058437 -10068.048349 93
1731995058751 -25463.904837 94
1731995059157 -1403.095053 95
1731995059820 -17970.559028 96
1731995060283 -2499.117113 97
1731995060514 -3387.174861 98
1731995060952 -13110.015649 99
1731995061232 -16521.426816 100
1731995061493 -8187.583224 101
1731995061800 -3643.324583 102
1731995062104 -4080.678005 103
1731995062813 -5486.23567 104
1731995063065 -6231.690778 105
1731995063310 -10594.524226 106
1731995063629 -17859.31803 107
1731995064007 -24029.340639 108
1731995064280 -16901.164891 109
1731995064567 -20886.439995 110
1731995064819 3630.156354 111
1731995065319 -15458.336389 112
1731995065555 -6557.555873 113
1731995065964 -739.249658 114
1731995066264 -5805.164158 115
1731995066513 -25088.192377 116
1731995066741 -1412.659546 117
1731995066973 3451.175187 118
1731995067226 -13641.910868 119
1731995067809 -5694.910359 120
1731995068084 -8646.402366 121
1731995068338 -2176.664268 122
1731995068625 -16154.031835 123
1731995068888 -5631.699473 124
1731995069215 -2790.812785 125
1731995069521 -671.898018 126
1731995069777 -16820.822514 127
1731995070349 -2707.375254 128
1731995070614 -23405.816308 129
1731995070876 -30356.3596 130
1731995071151 -2790.743475 131
1731995071432 -1764.101567 132
1731995071714 -6054.876089 133
1731995071961 -10607.395423 134
1731995072220 -18000.99815 135
1731995072697 -7141.745846 136
1731995073049 226.063467 137
1731995073311 -17624.446794 138
1731995073570 -22650.347396 139
1731995073795 -8742.457711 140
1731995074010 -12026.271872 141
1731995074222 -1854.574118 142
1731995074446 -313.214294 143
1731995075094 -1529.696706 144
1731995075435 -2158.405009 145
1731995075739 -19515.733331 146
1731995076040 -7361.039498 147
1731995076259 -9017.388267 148
1731995076515 -21003.762847 149
1731995076784 -21665.676148 150
1731995077042 -2466.138178 151
1731995077613 -6734.280115 152
1731995077884 -222.00971 153
1731995078129 -9257.341936 154
1731995078359 -8803.538196 155
1731995078594 -13082.986319 156
1731995078810 -1818.248817 157
1731995079082 2080.079469 158
1731995079341 1051.812661 159
1731995079968 -12518.977181 160
1731995080222 -4421.536787 161
1731995080671 -15992.061729 162
1731995080940 -2470.898578 163
1731995081231 -9691.739241 164
1731995081495 -15124.866601 165
1731995081738 -23132.493515 166
1731995082093 -18163.607873 167
1731995082760 -12826.693258 168
1731995083016 -390.730446 169
1731995083235 -13160.449751 170
1731995083496 -15022.077833 171
1731995083730 -5330.209869 172
1731995083984 -14850.955168 173
1731995084234 -10629.005339 174
1731995084465 -5314.168309 175
1731995084966 -17171.288529 176
1731995085247 3001.422558 177
1731995085488 1929.448388 178
1731995085718 -9143.900425 179
1731995085968 128.764463 180
1731995086396 -17622.559984 181
1731995086680 -2778.897085 182
1731995086930 -2557.914658 183
1731995087486 218.901564 184
1731995087706 -3432.679008 185
1731995087930 -17294.189725 186
1731995088171 -26725.727676 187
1731995088422 -3340.997315 188
1731995088666 -5734.330374 189
1731995088910 -2922.533012 190
1731995089146 -4037.917498 191
1731995089580 -3599.970693 192
1731995089825 -2218.079334 193
1731995090068 -5189.331527 194
1731995090397 -6086.525952 195
1731995090646 -2256.137137 196
1731995090905 2200.777461 197
1731995091167 -2155.268291 198
1731995091419 -1366.430911 199
1731995091910 -5946.646343 200
1731995092155 -2442.308648 201
1731995092447 -13513.02239 202
1731995092787 -25724.23184 203
1731995093049 -219.668133 204
1731995093382 -6215.256899 205
1731995093646 -14170.328399 206
1731995093871 -4437.073077 207
1731995094488 531.691446 208
1731995094748 -16711.577881 209
1731995094981 -6095.711846 210
1731995095210 -28817.595633 211
1731995095437 -2818.27617 212
1731995095653 788.087332 213
1731995095885 -506.050993 214
1731995096132 -5022.254001 215
1731995096524 -24489.681825 216
1731995096749 -5883.126188 217
1731995096972 -7501.762532 218
1731995097216 -1999.512682 219
1731995097457 -21806.884089 220
1731995097695 -5524.581891 221
1731995097921 1214.018216 222
1731995098145 -2357.866619 223
1731995098706 -3706.862503 224
1731995098936 -2818.525489 225
1731995099175 2516.990258 226
1731995099425 2542.095352 227
1731995099666 -22738.28889 228
1731995099892 -23259.753248 229
1731995100132 2951.683383 230
1731995100396 742.703221 231
1731995100803 5027.503781 232
1731995101048 4602.640229 233
1731995101301 -12753.996668 234
1731995101538 -17286.191142 235
1731995101788 -10517.117264 236
1731995102047 -1891.193087 237
1731995102298 -1910.616364 238
1731995102544 -2761.265336 239
1731995102947 -3782.179738 240
1731995103177 -4737.026055 241
1731995103506 -18248.142192 242
1731995103842 -3472.794753 243
1731995104115 -3276.291535 244
1731995104380 -20289.958399 245
1731995104614 -818.776014 246
1731995104850 -1322.128333 247
1731995105347 -12864.138264 248
1731995105598 -16000.53053 249
1731995105841 -965.353181 250
1731995106113 -34066.916403 251
1731995106363 -452.385726 252
1731995106611 2156.306294 253
1731995106851 -414.213245 254
1731995107143 -2897.395098 255
1731995107556 -5965.862651 256
1731995107793 5375.305607 257
1731995108048 -6085.763491 258
1731995108331 -12362.92417 259
1731995108597 -15963.021418 260
1731995108814 -21500.99868 261
1731995109056 -9531.844707 262
1731995109310 -576.490709 263
1731995109897 -18531.096434 264
1731995110116 -3218.474853 265
1731995110377 -1552.785658 266
1731995110623 -3713.945445 267
1731995110837 -64.068183 268
1731995111100 -17322.033226 269
1731995111326 -9440.905393 270
1731995111606 526.996449 271
1731995112188 3164.147628 272
1731995112446 -2376.271414 273
1731995112707 -17364.378457 274
1731995112919 -12469.229852 275
1731995113142 -15032.700237 276
1731995113372 -21980.469293 277
1731995113633 -2525.54537 278
1731995113889 -15127.530841 279
1731995114375 -6705.665487 280
1731995114590 -5014.036545 281
1731995114839 754.310894 282
1731995115088 1358.151832 283
1731995115342 -15795.869415 284
1731995115599 -13262.866112 285
1731995115837 -11731.39522 286
1731995116060 -1130.681996 287
1731995116498 1054.310418 288
1731995116770 -2062.222697 289
1731995117031 -30810.743543 290
1731995117279 75.642293 291
1731995117565 -22926.20955 292
1731995117811 -27134.280501 293
1731995118052 -15654.685512 294
1731995118321 -17677.122775 295
1731995118749 -4218.042419 296
1731995119023 -281.060151 297
1731995119310 -18674.372725 298
1731995119628 -9420.013278 299
1731995119930 -6550.627451 300
1731995120184 -8527.442488 301
1731995120426 -21048.331648 302
1731995120663 339.475437 303
1731995121148 -6222.640049 304
1731995121401 -6085.264676 305
1731995121678 -7628.545356 306
1731995121918 -4642.768606 307
1731995122181 -15461.891956 308
1731995122435 -6071.064483 309
1731995122671 -889.295714 310
1731995122912 -5761.857715 311
1731995123357 -2292.981853 312
1731995123614 -24044.269233 313
1731995123874 -413.072284 314
1731995124169 -5807.267838 315
1731995124409 -13746.380691 316
1731995124685 -4025.805707 317
1731995124913 -2966.891847 318
1731995125162 -75.113691 319
1731995125752 -8931.064306 320
1731995125974 -5037.61149 321
1731995126197 -36783.560713 322
1731995126424 -5530.194879 323
1731995126694 -20436.340422 324
1731995126935 2133.319203 325
1731995127201 -12033.063697 326
1731995127436 -8370.086332 327
1731995127875 -35607.084275 328
1731995128118 -793.270652 329
1731995128341 1446.132219 330
1731995128561 -11608.591194 331
1731995128775 -2012.659146 332
1731995129001 -3869.658558 333
1731995129217 -39696.34319 334
1731995129452 -1012.875159 335
1731995129945 640.231242 336
1731995130188 -23095.818262 337
1731995130427 -2292.566159 338
1731995130648 2389.701748 339
1731995130873 -14857.143183 340
1731995131122 -5838.92508 341
1731995131372 1658.529178 342
1731995131631 -2983.53791 343
1731995132066 -6006.650524 344
1731995132364 -18739.776558 345
1731995132616 -3872.410106 346
1731995132841 -12742.529876 347
1731995133137 -26068.612843 348
1731995133398 -7514.746871 349
1731995133643 -12426.818484 350
1731995133883 -10185.021933 351
1731995134278 -278.202371 352
1731995134510 -2567.806704 353
1731995134741 -1044.638869 354
1731995134985 -8505.373969 355
1731995135221 -16321.517985 356
1731995135456 -5521.872022 357
1731995135671 -1638.688489 358
1731995135927 -11719.505541 359
1731995136460 -21125.678645 360
1731995136706 -7034.151674 361
1731995136937 251.840548 362
1731995137204 -6899.356876 363
1731995137430 -1618.402144 364
1731995137658 -1397.103859 365
1731995137873 -34479.486236 366
1731995138142 -3251.56415 367
1731995138546 -3577.993976 368
1731995138774 -7065.827842 369
1731995138993 -1374.930538 370
1731995139204 -8384.622532 371
1731995139422 -898.86658 372
1731995139662 -11339.86102 373
1731995139908 -2486.289908 374
1731995140126 -3560.153035 375
1731995140561 -5197.176991 376
1731995140786 -3942.433573 377
1731995141015 -5127.392234 378
1731995141232 -3529.662186 379
1731995141463 -4618.079338 380
1731995141712 -7153.373266 381
1731995141952 -16953.731903 382
1731995142188 83.507753 383
1731995142708 -17396.886012 384
1731995142945 -447.590106 385
1731995143200 -16876.641251 386
1731995143420 -4175.064348 387
1731995143650 -12848.611767 388
1731995143897 -1103.130127 389
1731995144153 -21641.831359 390
1731995144401 -7799.545895 391
1731995145012 -1068.22479 392
1731995145228 -30378.405965 393
1731995145479 -6261.048448 394
1731995145702 -7542.297961 395
1731995145962 -25839.433853 396
1731995146227 -14918.342363 397
1731995146468 -765.343737 398
1731995146709 -10204.504147 399
1731995147108 -7463.764155 400
1731995147333 -30792.86752 401
1731995147589 -28495.155675 402
1731995147817 -11685.080889 403
1731995148053 -14699.399964 404
1731995148263 -9797.261601 405
1731995148482 -1945.140396 406
1731995148679 -4311.12013 407
1731995149060 -16569.944439 408
1731995149269 -12543.982574 409
1731995149496 -5050.467797 410
1731995149722 -5987.078773 411
1731995149941 -4398.575056 412
1731995150155 2873.099116 413
1731995150373 -4985.221173 414
1731995150596 -39273.604709 415
1731995150993 2110.279404 416
1731995151224 -24597.183995 417
1731995151450 -14587.427135 418
1731995151684 -25510.864058 419
1731995151919 -6525.46139 420
1731995152169 -19053.803378 421
1731995152395 -5505.519081 422
1731995152637 -18041.795742 423
1731995153320 -3086.697793 424
1731995153557 -3335.75761 425
1731995153790 -3085.935753 426
1731995154027 -17380.856936 427
1731995154276 -2543.089204 428
1731995154528 -5030.163751 429
1731995154779 -2365.228129 430
1731995155032 -16654.166581 431
1731995155477 -16990.217857 432
1731995155719 -2130.247805 433
1731995155946 -10276.499538 434
1731995156179 -1880.941353 435
1731995156410 -35620.746149 436
1731995156629 -9281.000676 437
1731995156882 1230.362015 438
1731995157111 -11791.800926 439
1731995157514 -7746.345815 440
1731995157742 -24529.903255 441
1731995157967 -2396.582498 442
1731995158198 -1434.941918 443
1731995158423 -4414.704078 444
1731995158648 -28616.2855 445
1731995158867 -3490.233374 446
1731995159088 -5321.55276 447
1731995159501 -824.279241 448
1731995159725 -5620.128015 449
1731995159960 -2124.879295 450
1731995160188 -1611.337738 451
1731995160410 -3461.348409 452
1731995160641 -4483.078303 453
1731995160866 -5249.572673 454
1731995161085 -1990.625912 455
1731995161473 -11107.483068 456
1731995161703 -17237.520554 457
1731995161955 -21541.131027 458
1731995162190 -13809.503131 459
1731995162465 -11541.978848 460
1731995162682 -7437.138242 461
1731995162914 -36012.496426 462
1731995163133 -6600.226033 463
1731995163544 -351.298653 464
1731995163800 -1744.389342 465
1731995164045 -1247.88829 466
1731995164283 -5764.46905 467
1731995164528 -2434.95227 468
1731995164790 -1125.762344 469
1731995165015 -3330.869456 470
1731995165242 -2225.109135 471
1731995165634 1104.567305 472
1731995165883 -19716.069981 473
1731995166145 -2986.503229 474
1731995166368 -1500.110533 475
1731995166616 2201.022425 476
1731995166869 -1281.754078 477
1731995167114 -6965.927616 478
1731995167361 -16712.526113 479
1731995167985 -2882.71404 480
1731995168241 -13309.574277 481
1731995168460 877.730025 482
1731995168686 1225.472879 483
1731995168915 3823.334034 484
1731995169143 -30764.224148 485
1731995169392 -2753.819709 486
1731995169622 384.359603 487
1731995170255 -20.03713 488
1731995170487 -15856.738007 489
1731995170714 -543.689448 490
1731995170963 -3530.766218 491
1731995171178 -4390.359431 492
1731995171416 474.558339 493
1731995171647 -24077.828014 494
1731995171891 -20407.866969 495
1731995172314 -24860.601768 496
1731995172553 -2073.996475 497
1731995172775 3353.32405 498
1731995173030 -704.311298 499
1731995173258 -4340.915765 500
1731995173473 -7782.052052 501
1731995173730 -18544.736317 502
1731995173975 -3260.703851 503
1731995174771 -21545.985138 504
1731995175054 -5941.438866 505
1731995175297 -3.429297 506
1731995175517 -5715.894201 507
1731995175777 -4300.199098 508
1731995176006 -6062.05081 509
1731995176257 -11009.150231 510
1731995176512 -15489.973926 511
1731995176985 -4651.529983 512
1731995177203 -1646.474208 513
1731995177419 -6670.767405 514
1731995177664 -13738.650574 515
1731995177873 964.016792 516
1731995178101 -3348.168257 517
1731995178350 -446.994249 518
1731995178616 -12464.204765 519
1731995179041 -12515.387053 520
1731995179274 -1739.275651 521
1731995179526 -14419.867753 522
1731995179760 332.684581 523
1731995180043 -1915.231242 524
1731995180254 -15846.922994 525
1731995180477 -34285.604151 526
1731995180737 -1078.599548 527
1731995181228 -9081.163698 528
1731995181456 -8369.602767 529
1731995181689 -19888.380457 530
1731995181913 -2320.664449 531
1731995182169 -13899.290622 532
1731995182414 -18715.426959 533
1731995182640 -26902.713203 534
1731995182901 -1048.88674 535
1731995183308 -4763.391089 536
1731995183510 -206.12746 537
1731995183741 -11123.771855 538
1731995183964 -1438.681618 539
1731995184171 -26514.41343 540
1731995184417 -5469.342999 541
1731995184660 -10114.826655 542
1731995184883 -155.378412 543
1731995185298 -12885.971422 544
1731995185522 -4146.380139 545
1731995185752 -14595.181969 546
1731995185996 -1689.070655 547
1731995186215 -12965.677104 548
1731995186503 -2809.769177 549
1731995186731 -2892.852071 550
1731995186982 -2936.746335 551
1731995187405 -20377.864052 552
1731995187648 -7558.296628 553
1731995187881 -11221.887882 554
1731995188121 -4684.668702 555
1731995188412 -20511.017287 556
1731995188661 -2821.254447 557
1731995188877 -3316.347764 558
1731995189120 -22704.063756 559
1731995189659 -33544.409632 560
1731995189921 -4468.760022 561
1731995190136 -23616.645239 562
1731995190377 -21549.70679 563
1731995190617 -21196.202302 564
1731995190829 -17266.901337 565
1731995191054 1717.460426 566
1731995191287 -20289.732429 567
1731995191911 -15140.700386 568
1731995192167 -23824.849358 569
1731995192413 -1318.985437 570
1731995192657 -929.143959 571
1731995192900 -3301.843568 572
1731995193141 3535.002344 573
1731995193377 -23292.864932 574
1731995193603 -3551.611056 575
1731995193991 -9853.185344 576
1731995194234 -1790.419311 577
1731995194487 -8162.619752 578
1731995194713 -12496.453422 579
1731995194924 -2482.843053 580
1731995195145 -3439.815454 581
1731995195417 -2127.38972 582
1731995195654 -9083.59713 583
1731995196169 -29128.071396 584
1731995196404 -5442.484777 585
1731995196638 -15271.771934 586
1731995196876 -18516.739799 587
1731995197105 -2537.068223 588
1731995197340 -33579.849499 589
1731995197592 -32022.193534 590
1731995197836 -21818.025772 591
1731995198251 -4037.196984 592
1731995198483 -3463.95166 593
1731995198783 -12845.545358 594
1731995199017 -4083.918686 595
1731995199267 -7969.639961 596
1731995199561 -4189.038368 597
1731995199789 -2535.034987 598
1731995200063 -25373.123326 599
1731995200457 -4515.34422 600
1731995200678 -3802.621891 601
1731995200927 -2388.614536 602
1731995201153 -753.260299 603
1731995201389 -4985.102475 604
1731995201607 -3207.499103 605
1731995201853 -7269.588945 606
1731995202129 -15841.662576 607
1731995202519 -15865.48309 608
1731995202777 -2796.928964 609
1731995203006 -1451.979435 610
1731995203287 -16866.126793 611
1731995203551 -21467.740061 612
1731995203792 -22166.718114 613
1731995204053 -1406.556523 614
1731995204319 -14899.367799 615
1731995204767 -35191.680325 616
1731995205009 -5727.98247 617
1731995205263 -2154.149139 618
1731995205497 -2727.687247 619
1731995205763 -16640.290122 620
1731995206024 -5124.460883 621
1731995206259 -3149.981505 622
1731995206510 -2818.7942 623
1731995206959 -5394.991788 624
1731995207205 -19054.192848 625
1731995207459 -18097.475698 626
1731995207716 -406.285503 627
1731995207964 -20071.158851 628
1731995208193 -17548.555929 629
1731995208429 -1416.267994 630
1731995208669 -13044.947607 631
1731995209090 -13157.971766 632
1731995209333 -4031.695021 633
1731995209584 1525.728033 634
1731995209829 -3066.916141 635
1731995210080 -9351.050996 636
1731995210336 1588.881484 637
1731995210575 -2889.082169 638
1731995210804 -5616.722657 639
1731995211315 -5958.042073 640
1731995211572 -7887.062935 641
1731995211810 -12123.009182 642
1731995212046 -2122.146573 643
1731995212275 -1907.499105 644
1731995212530 -3660.199591 645
1731995212751 2464.482312 646
1731995212977 -12734.517199 647
1731995213363 -36757.392773 648
1731995213588 -12841.276025 649
1731995213834 -21848.298676 650
1731995214092 -20367.021273 651
1731995214326 -10592.393689 652
1731995214551 -6932.264303 653
1731995214771 -18843.064489 654
1731995214990 -19677.440625 655
1731995215588 -16931.043878 656
1731995215833 -328.003886 657
1731995216082 -13571.437085 658
1731995216330 -1927.245586 659
1731995216561 -16057.323526 660
1731995216797 -17459.980992 661
1731995217021 -21479.798845 662
1731995217253 -16663.395497 663
1731995217654 -4227.756923 664
1731995217894 -1567.213055 665
1731995218115 -37734.185319 666
1731995218373 -9230.338525 667
1731995218599 -1760.433488 668
1731995218831 -19838.359905 669
1731995219067 -4554.729848 670
1731995219298 -823.606014 671
1731995219724 -3070.131527 672
1731995219948 -19971.945145 673
1731995220175 -2221.514066 674
1731995220416 -1510.471994 675
1731995220674 -2059.825992 676
1731995220909 -1266.963518 677
1731995221134 -8192.335842 678
1731995221366 -5204.074804 679
1731995221789 -12171.890665 680
1731995222029 1665.068523 681
1731995222268 -2378.792074 682
1731995222488 -6487.18462 683
1731995222755 -3445.825419 684
1731995222995 -2146.77607 685
1731995223245 -20635.964766 686
1731995223467 -9593.956351 687
1731995223856 1835.158846 688
1731995224077 -2576.183141 689
1731995224302 -16378.709657 690
1731995224539 -3716.081461 691
1731995224770 -7695.962917 692
1731995225023 -18928.426266 693
1731995225281 -2619.596353 694
1731995225512 1118.507994 695
1731995225968 -21728.637504 696
1731995226207 -16229.498072 697
1731995226450 5147.687277 698
1731995226675 -4027.122382 699
1731995226930 -29182.576319 700
1731995227208 -7413.499504 701
1731995227450 -1835.058687 702
1731995227710 -10543.801567 703
1731995228116 -16548.377754 704
1731995228344 -5384.166784 705
1731995228565 1429.252124 706
1731995228802 -10765.523643 707
1731995229041 -2604.677109 708
1731995229302 -1041.797379 709
1731995229540 -28311.769807 710
1731995229793 2759.034774 711
1731995230236 -1222.554631 712
1731995230545 -1007.485498 713
1731995230808 -6094.175845 714
1731995231069 -28093.087413 715
1731995231301 -19079.556854 716
1731995231576 -1571.345341 717
1731995231810 128.597657 718
1731995232083 -17461.200232 719
1731995232496 -7104.837693 720
1731995232792 -15024.87436 721
1731995233084 -10567.743757 722
1731995233326 -5552.53246 723
1731995233604 -2997.169601 724
1731995233834 -3596.445483 725
1731995234082 1012.474051 726
1731995234320 -7359.060249 727
1731995234750 590.58838 728
1731995234975 -13032.914059 729
1731995235201 -991.397176 730
1731995235468 -23226.980846 731
1731995235696 -5725.033205 732
1731995235918 -14742.343782 733
1731995236179 -326.371475 734
1731995236409 -6051.472671 735
1731995236796 2187.69236 736
1731995237035 397.656175 737
1731995237259 -5581.420204 738
1731995237495 -11319.754399 739
1731995237725 -4059.485443 740
1731995237982 -2353.308217 741
1731995238215 -1713.767954 742
1731995238451 -2210.12997 743
1731995238887 -19309.267081 744
1731995239114 -2124.422319 745
1731995239336 -4561.578685 746
1731995239565 -5848.142259 747
1731995239803 -20463.576105 748
1731995240139 -21840.146017 749
1731995240356 -3575.758466 750
1731995240608 -4769.865928 751
1731995241098 -15867.12636 752
1731995241357 -3406.393011 753
1731995241587 -6125.177582 754
1731995241833 -15963.299295 755
1731995242111 -19428.569854 756
1731995242346 -18327.92361 757
1731995242581 -17551.415241 758
1731995242830 -12521.643709 759
1731995243317 1831.09371 760
1731995243561 -13490.215724 761
1731995243822 -17918.171283 762
1731995244055 1169.092368 763
1731995244299 -1688.781609 764
1731995244552 -6052.169772 765
1731995244776 -21186.810924 766
1731995245017 -3099.278311 767
1731995245420 3530.76346 768
1731995245670 -23065.493434 769
1731995245892 -2783.726643 770
1731995246128 -3349.075863 771
1731995246392 -2058.86621 772
1731995246631 -4086.481191 773
1731995246891 -5072.884646 774
1731995247136 -6235.140902 775
1731995247534 -1891.160919 776
1731995247764 -5572.139029 777
1731995248021 -26685.318519 778
1731995248242 -6217.953053 779
1731995248561 -1401.9684 780
1731995248786 -77.327638 781
1731995248999 -885.392433 782
1731995249219 -5526.141701 783
1731995249664 -19676.098028 784
1731995249886 -1972.127472 785
1731995250140 -3534.842044 786
1731995250393 -21406.161402 787
1731995250632 -13436.759063 788
1731995250869 -1184.207038 789
1731995251124 1832.973224 790
1731995251351 -17461.944568 791
1731995251760 574.363396 792
1731995252029 -23512.036344 793
1731995252249 -2595.979607 794
1731995252500 -18195.554092 795
1731995252774 -5584.354133 796
1731995253002 -3413.310196 797
1731995253238 -31533.656691 798
1731995253496 -18708.352363 799
1731995253891 -7406.179858 800
1731995254117 -36798.129061 801
1731995254325 -11002.912387 802
1731995254568 -17082.507886 803
1731995254827 -7940.295733 804
1731995255045 -2615.11055 805
1731995255274 339.077677 806
1731995255525 -4262.258493 807
1731995255900 -1198.970339 808
1731995256118 -4121.842391 809
1731995256335 -24772.322005 810
1731995256547 -14127.430867 811
1731995256790 -5424.581701 812
1731995257055 -3396.576307 813
1731995257309 -23664.590545 814
1731995257565 -4114.941059 815
1731995257983 -2234.802833 816
1731995258213 -22986.775753 817
1731995258484 -21053.04291 818
1731995258732 -12628.612104 819
1731995258979 -23272.535657 820
1731995259237 -4232.96487 821
1731995259499 -13197.389314 822
1731995259773 -14017.468242 823
1731995260223 -18296.554662 824
1731995260464 -12794.230044 825
1731995260692 -22291.909192 826
1731995260938 -3809.513229 827
1731995261181 -4191.020493 828
1731995261439 -7289.041733 829
1731995261699 2064.902386 830
1731995261971 1482.490891 831
1731995262369 -18933.774558 832
1731995262595 -8092.480125 833
1731995262852 -217.020628 834
1731995263105 -23621.414111 835
1731995263334 -16839.693362 836
1731995263559 -4096.227729 837
1731995263797 -4313.694048 838
1731995264058 -11226.918405 839
1731995264501 -3944.395421 840
1731995264779 -23732.230097 841
1731995265010 -3707.554148 842
1731995265240 -2905.359047 843
1731995265451 -5975.690209 844
1731995265662 -3330.507729 845
1731995265886 -2734.197967 846
1731995266103 -3809.39425 847
1731995266512 -14740.584806 848
1731995266730 -3069.129382 849
1731995266976 -4562.240079 850
1731995267182 -1407.32025 851
1731995267461 -7694.904276 852
1731995267683 -21509.866736 853
1731995267954 -4140.810723 854
1731995268184 -4174.669838 855
1731995268598 -12034.551183 856
1731995268856 -2298.292394 857
1731995269126 -9700.547659 858
1731995269387 -16383.857337 859
1731995269643 -10489.975903 860
1731995269873 -16363.80273 861
1731995270106 -32798.381593 862
1731995270351 -6202.690793 863
1731995270833 -3218.573336 864
1731995271078 -1266.480162 865
1731995271308 -8432.572705 866
1731995271532 -3126.367764 867
1731995271770 -894.100437 868
1731995272017 -8542.287384 869
1731995272237 -2544.374117 870
1731995272457 -3145.92151 871
1731995272848 -453.467917 872
1731995273073 -14721.438548 873
1731995273302 -831.331822 874
1731995273569 -4363.673597 875
1731995273792 -21694.073745 876
1731995274015 -24693.39982 877
1731995274271 5913.43776 878
1731995274519 1883.647163 879
1731995275004 -18292.076721 880
1731995275247 -3002.987604 881
1731995275500 -23537.095888 882
1731995275747 -4262.621343 883
1731995276007 -7197.780351 884
1731995276246 -1263.526528 885
1731995276477 -591.969629 886
1731995276753 -7832.10896 887
1731995277249 -2955.411147 888
1731995277479 -18725.140241 889
1731995277703 -15606.830227 890
1731995277952 -19036.346972 891
1731995278213 -8263.841541 892
1731995278435 -4534.887265 893
1731995278691 -2687.390096 894
1731995278917 -1320.976179 895
1731995279323 -23815.247954 896
1731995279577 1006.617039 897
1731995279800 -4827.833039 898
1731995280015 2241.799922 899
1731995280244 -18442.562212 900
1731995280475 -9414.977967 901
1731995280726 -8401.889095 902
1731995280950 -1691.169415 903
1731995281374 -3084.974767 904
1731995281627 527.920206 905
1731995281876 -23084.115537 906
1731995282103 -12632.77973 907
1731995282360 -17183.063131 908
1731995282615 -9247.221522 909
1731995282861 -6716.883382 910
1731995283096 693.268304 911
1731995283503 425.455023 912
1731995283748 -5873.355618 913
1731995283982 -3280.180702 914
1731995284225 -3227.954927 915
1731995284505 -19989.888962 916
1731995284755 -8971.057423 917
1731995284988 -10456.89239 918
1731995285220 -413.198074 919
1731995285616 -6758.265261 920
1731995285841 -5767.199423 921
1731995286056 825.810569 922
1731995286295 -7144.176239 923
1731995286537 4248.189668 924
1731995286772 -6815.579514 925
1731995287009 -275.915678 926
1731995287236 -3781.713929 927
1731995287640 -19006.955899 928
1731995287896 -19060.269847 929
1731995288112 -16063.56405 930
1731995288369 -887.487387 931
1731995288599 -15535.417027 932
1731995288862 -1032.804381 933
1731995289103 -1685.185521 934
1731995289333 -15721.568075 935
1731995289849 -2276.430189 936
1731995290100 1166.132075 937
1731995290338 -5298.106661 938
1731995290569 -8381.385872 939
1731995290790 -1200.411206 940
1731995291049 1417.743772 941
1731995291323 -13380.427646 942
1731995291588 -2245.708697 943
1731995292029 -10801.411034 944
1731995292348 2294.033818 945
1731995292623 -8727.80415 946
1731995292851 -2192.226137 947
1731995293053 -21326.937595 948
1731995293270 -17594.59256 949
1731995293482 -1889.452736 950
1731995293709 730.15597 951
1731995294124 2014.085357 952
1731995294328 -3552.456549 953
1731995294562 -1235.481374 954
1731995294779 -4322.50394 955
1731995295002 -22393.325999 956
1731995295226 -22688.737542 957
1731995295444 -4424.103935 958
1731995295668 -4521.194099 959
1731995296095 -24744.070788 960
1731995296320 -18140.656673 961
1731995296533 -14347.439045 962
1731995296751 -16765.21599 963
1731995296982 -2538.280885 964
1731995297241 321.551776 965
1731995297481 -18698.565969 966
1731995297728 -3350.029697 967
1731995298137 -32696.855004 968
1731995298401 1426.05016 969
1731995298626 -17051.855707 970
1731995298851 -2183.611627 971
1731995299081 163.256126 972
1731995299299 -19027.297306 973
1731995299524 -1325.506921 974
1731995299751 -12977.948779 975
1731995300195 -2478.363087 976
1731995300422 -19136.724 977
1731995300661 -13512.890304 978
1731995300881 -3004.11558 979
1731995301103 -1819.779315 980
1731995301331 -15220.460454 981
1731995301558 530.426044 982
1731995301809 -3222.095137 983
1731995302219 -1400.132444 984
1731995302464 -2259.763825 985
1731995302696 -5572.029304 986
1731995302949 -7604.106586 987
1731995303178 -6280.128959 988
1731995303404 -15572.307437 989
1731995303644 -116.053579 990
1731995303885 -2024.795546 991
1731995304272 -16521.731135 992
1731995304509 2261.050549 993
1731995304760 -518.252209 994
1731995304996 -19563.451844 995
1731995305235 -12491.594376 996
1731995305452 -3342.250669 997
1731995305681 -5976.9542 998
1731995305915 -1992.141281 999
