1730783570963 -145.217377 3
1730783571639 146.368591 7
1730783572283 -258.755859 11
1730783572870 -167.099411 15
1730783573495 653.447571 19
1730783574082 -35.972645 23
1730783574669 110.572746 27
1730783575350 201.573349 31
1730783576011 104.15377 35
1730783576592 230.065887 39
1730783577246 74.769531 43
1730783577799 77.705833 47
1730783578422 84.040207 51
1730783579051 17.986485 55
1730783579718 14.424842 59
1730783580305 85.204117 63
1730783580979 72.382225 67
1730783581508 3.71934 71
1730783582156 99.586983 75
1730783582700 8.162373 79
1730783583354 288.942078 83
1730783583933 37.0966 87
1730783584595 -51.010876 91
1730783585199 187.461029 95
1730783585911 135.160904 99
1730783586542 64.124519 103
1730783587167 74.574661 107
1730783587705 116.747055 111
1730783588376 -0.683266 115
1730783588961 95.903793 119
1730783589612 51.815891 123
1730783590248 87.258171 127
1730783590905 2.892331 131
1730783591456 97.93708 135
1730783592130 238.732132 139
1730783592727 176.611313 143
1730783593270 91.918411 147
1730783593830 140.485367 151
1730783594438 -44.412868 155
1730783595038 72.223907 159
1730783595764 104.568184 163
1730783596370 144.967087 167
1730783596938 220.511932 171
1730783597464 87.672012 175
1730783598069 60.450218 179
1730783598612 72.246521 183
1730783599260 -46.228039 187
1730783599846 56.640106 191
1730783600546 6.187893 195
1730783601113 -5.728728 199
1730783601711 -18.383091 203
1730783602311 20.796341 207
1730783602897 7.143124 211
1730783603447 97.43306 215
1730783604047 77.571358 219
1730783604542 21.66466 223
1730783605177 -46.132633 227
1730783605674 55.552204 231
1730783606321 156.137985 235
1730783606873 146.714615 239
1730783607524 62.880856 243
1730783608169 107.337082 247
1730783608854 165.307068 251
1730783609346 -1.068119 255
1730783609992 162.107986 259
1730783610578 102.872643 263
1730783611224 96.598061 267
1730783611791 91.465485 271
1730783612424 66.464767 275
1730783612929 182.127594 279
1730783613656 14.157493 283
1730783614199 189.516037 287
1730783614848 -80.682388 291
1730783615392 222.861282 295
1730783616017 58.351528 299
1730783616605 46.961483 303
1730783617243 41.099503 307
1730783617769 101.517357 311
1730783618324 16.969919 315
1730783618823 4.503156 319
1730783619475 21.192425 323
1730783619979 -26.020012 327
1730783620644 -29.22554 331
1730783621228 297.055664 335
1730783621945 145.041855 339
1730783622538 221.778595 343
1730783623211 33.105209 347
1730783623875 121.487465 351
1730783624515 124.977554 355
1730783625068 60.675346 359
1730783625717 -52.886387 363
1730783626293 135.815247 367
1730783626996 67.38781 371
1730783627561 116.906784 375
1730783628250 16.577469 379
1730783628860 105.056068 383
1730783629438 235.101334 387
1730783629938 36.227978 391
1730783630536 106.367882 395
1730783631106 52.158489 399
1730783631762 31.643456 403
1730783632282 5.321202 407
1730783632954 42.716568 411
1730783633528 -35.887245 415
1730783634111 220.80957 419
1730783634606 47.031452 423
1730783635247 39.50354 427
1730783635836 213.933548 431
1730783636488 179.807877 435
1730783637048 63.557404 439
1730783637693 21.991083 443
1730783638256 0.593736 447
1730783638911 172.390778 451
1730783639489 65.04554 455
1730783640133 107.864899 459
1730783640697 0.684645 463
1730783641272 52.350227 467
1730783641834 -68.83532 471
1730783642523 192.738434 475
1730783643102 -35.125706 479
1730783643707 43.48037 483
1730783644296 20.913197 487
1730783644950 -12.493991 491
1730783645680 21.523546 495
1730783646302 37.747005 499
