1732163448966 -0.00341 0
1732163449879 0.215384 1
1732163450479 -0.076367 2
1732163451153 -0.088817 3
1732163451891 -0.100449 4
1732163452571 0.342619 5
1732163453292 0.696204 6
1732163454080 0.553514 7
1732163454699 0.596275 8
1732163455337 0.431213 9
1732163456032 0.307437 10
1732163456722 0.511172 11
1732163457438 0.664796 12
1732163458132 0.032318 13
1732163458767 -0.198449 14
1732163459551 0.315243 15
1732163460206 0.347507 16
1732163460839 -0.106651 17
1732163461454 0.458291 18
1732163462053 0.511172 19
1732163462701 0.824403 20
1732163463363 0.525038 21
1732163464002 0.439421 22
1732163464620 -0.100449 23
1732163465335 -0.012112 24
1732163466050 0.393821 25
1732163466690 0.902624 26
1732163467304 0.367559 27
1732163468149 -0.24621 28
1732163468764 0.782151 29
1732163469336 0.342619 30
1732163469946 -0.160606 31
1732163470582 -0.168008 32
1732163471243 0.376775 33
1732163471899 0.840278 34
1732163472637 0.739354 35
1732163473267 0.57701 36
1732163473868 0.317175 37
1732163474465 0.622004 38
1732163475043 0.593343 39
1732163475666 0.145626 40
1732163476297 0.684653 41
1732163476932 0.508275 42
1732163477726 0.551749 43
1732163478357 0.147471 44
1732163479028 -0.04283 45
1732163479641 0.376775 46
1732163480396 0.144772 47
1732163480983 0.339074 48
1732163481591 0.247668 49
1732163482235 0.354639 50
1732163482858 0.592558 51
1732163483469 0.029113 52
1732163484150 0.566192 53
1732163484809 -0.058111 54
1732163485570 -0.158511 55
1732163486180 0.145274 56
1732163486791 0.352722 57
1732163487433 0.174995 58
1732163488224 0.188825 59
1732163488801 0.347507 60
1732163489424 0.793716 61
1732163490049 0.282373 62
1732163490667 0.3049 63
1732163491249 0.402043 64
1732163491907 0.887338 65
1732163492552 -0.02007 66
1732163493297 0.431724 67
1732163493954 0.255747 68
1732163494594 -0.168008 69
1732163495215 0.426169 70
1732163495819 -0.033917 71
1732163496486 0.766981 72
1732163497227 0.33824 73
1732163497838 0.532404 74
1732163498436 0.422587 75
1732163499078 0.520885 76
1732163499671 -0.077331 77
1732163500267 0.6371 78
1732163500858 0.323161 79
1732163501529 0.668263 80
1732163502189 0.427114 81
1732163502788 0.447647 82
1732163503429 0.690105 83
1732163504043 0.447647 84
1732163504728 -0.150141 85
1732163505367 0.30276 86
1732163506147 0.400426 87
1732163506751 0.434221 88
1732163507298 0.568295 89
1732163507864 0.110157 90
1732163508450 0.074142 91
1732163509080 -0.20712 92
1732163509692 0.159079 93
1732163510278 -0.168008 94
1732163510903 0.540742 95
1732163511596 0.462186 96
1732163512192 0.640492 97
1732163512760 0.614931 98
1732163513393 0.390524 99
1732163514067 -0.012112 100
1732163514698 0.583497 101
1732163515359 -0.168008 102
1732163515970 -0.011239 103
1732163516692 0.323161 104
1732163517410 0.228423 105
1732163518057 -0.139183 106
1732163518678 0.722141 107
1732163519303 0.313266 108
1732163519935 0.309015 109
1732163520573 0.366853 110
1732163521250 0.658537 111
1732163521885 0.962644 112
1732163522492 0.42841 113
1732163523115 0.567124 114
1732163523718 0.367752 115
1732163524336 0.101208 116
1732163524957 -0.144065 117
1732163525595 0.775404 118
1732163526278 0.008074 119
1732163526841 -0.064854 120
1732163527516 0.294655 121
1732163528127 0.359985 122
1732163528858 0.453451 123
1732163529460 0.356455 124
1732163530137 0.658441 125
1732163530776 0.718108 126
1732163531365 0.528637 127
1732163532039 0.315719 128
1732163532645 0.664796 129
1732163533266 -0.023993 130
1732163533893 0.41703 131
1732163534488 0.275958 132
1732163535097 0.171878 133
1732163535731 0.520885 134
1732163536424 0.431213 135
1732163537219 -0.093513 136
1732163537857 0.668263 137
1732163538441 0.562121 138
1732163539240 0.317175 139
1732163539858 0.520885 140
1732163540463 0.339074 141
1732163541064 0.281344 142
1732163541679 0.174363 143
1732163542323 -0.026085 144
1732163542964 -0.077801 145
1732163543641 0.602771 146
1732163544371 -0.125476 147
1732163544967 -0.06704 148
1732163545587 0.641996 149
1732163546171 0.156179 150
1732163546928 0.722141 151
1732163547565 0.311869 152
1732163548151 0.372789 153
1732163548737 0.247668 154
1732163549439 0.590498 155
1732163550102 0.568295 156
1732163550711 0.558183 157
1732163551569 0.685461 158
1732163552161 -0.093513 159
1732163552759 0.704743 160
1732163553366 0.372789 161
1732163553976 0.238884 162
1732163554592 -0.179459 163
1732163555344 0.689822 164
1732163555934 0.786216 165
1732163556574 0.777509 166
1732163557191 0.793716 167
1732163557814 0.468022 168
1732163558439 -0.058928 169
1732163559096 -0.031455 170
1732163559838 -0.125476 171
1732163560380 -0.065341 172
1732163561015 -0.164664 173
1732163561605 -0.023993 174
1732163562200 0.577395 175
1732163562858 -0.044218 176
1732163563617 0.761118 177
1732163564313 0.640492 178
1732163564862 0.620926 179
1732163565458 -0.145865 180
1732163566041 0.353858 181
1732163566672 0.822366 182
1732163567313 -0.06875 183
1732163567957 -0.225543 184
1732163568813 0.176146 185
1732163569396 -0.276228 186
1732163570022 0.696135 187
1732163570629 0.148172 188
1732163571347 0.392133 189
1732163572022 0.233217 190
1732163572597 0.40431 191
1732163573311 0.404686 192
1732163574018 0.643004 193
1732163574605 0.356455 194
1732163575233 0.385404 195
1732163575940 0.081591 196
1732163576504 0.840278 197
1732163577193 -0.06704 198
1732163577783 -0.231695 199
1732163578442 0.719462 200
1732163579101 0.128352 201
1732163579818 0.468249 202
1732163580470 0.682706 203
1732163581125 1.119551 204
1732163582065 0.032318 205
1732163582747 0.336594 206
1732163583351 0.198247 207
1732163583928 -0.211466 208
1732163584569 0.567124 209
1732163585238 0.145274 210
1732163585855 0.793716 211
1732163586557 -0.124652 212
1732163587152 0.33314 213
1732163587726 0.814816 214
1732163588367 0.315719 215
1732163588960 0.081591 216
1732163589592 0.273801 217
1732163590195 0.30276 218
1732163590826 -0.139183 219
1732163591562 -0.24621 220
1732163592189 0.556701 221
1732163592753 0.317175 222
1732163593383 0.944046 223
1732163594020 0.589931 224
1732163594720 0.693476 225
1732163595475 -0.05472 226
1732163596116 0.404686 227
1732163596783 -0.033917 228
1732163597508 0.392133 229
1732163598072 0.227774 230
1732163598719 0.302174 231
1732163599336 -0.160606 232
1732163599994 0.641262 233
1732163600751 -0.144065 234
1732163601420 0.674265 235
1732163602011 0.049851 236
1732163602674 0.722033 237
1732163603276 0.288643 238
1732163603935 0.145626 239
1732163604548 0.571265 240
1732163605237 0.896778 241
1732163605912 0.614931 242
1732163606648 0.558183 243
1732163607341 0.032294 244
1732163607988 0.336594 245
1732163608566 0.887338 246
1732163609228 -0.093096 247
1732163610002 0.342619 248
1732163610579 -0.171782 249
1732163611204 0.448697 250
1732163611786 0.448697 251
1732163612381 0.41703 252
1732163613039 -0.151648 253
1732163613683 0.609914 254
1732163614280 0.35164 255
1732163614993 0.82542 256
1732163615555 -0.22699 257
1732163616162 0.243261 258
1732163616723 -0.108098 259
1732163617355 0.668263 260
1732163617951 0.33314 261
1732163618658 0.202964 262
1732163619245 0.459597 263
1732163619876 0.558183 264
1732163620448 0.032318 265
1732163621059 0.532808 266
1732163621701 0.359985 267
1732163622248 0.244617 268
1732163622866 0.275958 269
1732163623527 0.822366 270
1732163624180 0.781242 271
1732163624789 -0.158097 272
1732163625347 0.461458 273
1732163625896 0.690105 274
1732163626466 0.373936 275
1732163627085 0.755996 276
1732163627672 -0.211466 277
1732163628252 -0.088817 278
1732163628812 0.434798 279
1732163629539 0.452254 280
1732163630168 0.251019 281
1732163630799 -0.016512 282
1732163631351 -0.099047 283
1732163631957 -0.151648 284
1732163632717 0.739354 285
1732163633352 -0.011239 286
1732163633958 -0.076367 287
1732163634614 0.895889 288
1732163635264 0.302174 289
1732163635854 0.354639 290
1732163636464 0.215384 291
1732163637179 0.640492 292
1732163637770 0.602771 293
1732163638356 -0.076367 294
1732163638980 0.399432 295
1732163639649 -0.150141 296
1732163640276 0.6663 297
1732163640976 -0.194493 298
1732163641583 0.149344 299
1732163642207 0.76825 300
1732163642959 0.690105 301
1732163643588 0.520885 302
1732163644158 -0.214188 303
1732163644743 0.128352 304
1732163645335 0.336594 305
1732163645983 -0.033917 306
1732163646551 0.566192 307
1732163647176 0.861823 308
1732163647784 -0.194493 309
1732163648558 0.594953 310
1732163649178 0.573841 311
1732163649769 0.604394 312
1732163650371 0.684653 313
1732163651043 0.722141 314
1732163651757 0.444935 315
1732163652336 0.568295 316
1732163653003 0.775404 317
1732163653664 0.133258 318
1732163654294 0.51538 319
1732163654922 -0.179459 320
1732163655541 -0.0636 321
1732163656201 0.294655 322
1732163656775 0.008074 323
1732163657490 -0.124652 324
1732163658092 -0.168008 325
1732163658768 -0.191788 326
1732163659388 0.793716 327
1732163659981 -0.24621 328
1732163660597 0.930842 329
1732163661400 -0.16089 330
1732163662015 -0.151648 331
1732163662571 0.675628 332
1732163663211 -0.010578 333
1732163663921 0.693476 334
1732163664532 -0.076367 335
1732163665202 0.264532 336
1732163665755 -0.05472 337
1732163666396 0.309578 338
1732163666986 0.631924 339
1732163667605 0.504821 340
1732163668241 0.683576 341
1732163668966 -0.031455 342
1732163669552 0.643004 343
1732163670245 0.317176 344
1732163670833 0.82542 345
1732163671471 -0.054428 346
1732163672088 0.682706 347
1732163672794 0.139549 348
1732163673412 0.761118 349
1732163673976 0.690105 350
1732163674742 0.641262 351
1732163675377 0.171569 352
1732163675956 0.763473 353
1732163676534 0.145626 354
1732163677151 0.370212 355
1732163677782 0.2996 356
1732163678400 0.260768 357
1732163679193 0.814816 358
1732163679803 -0.201996 359
1732163680407 -0.105616 360
1732163680977 0.629852 361
1732163681571 -0.158097 362
1732163682214 0.66119 363
1732163682960 -0.093513 364
1732163683575 0.41703 365
1732163684165 0.854366 366
1732163684740 0.666255 367
1732163685341 0.887338 368
1732163685961 0.675628 369
1732163686697 0.390409 370
1732163687287 0.275958 371
1732163687941 -0.105616 372
1732163688528 0.799805 373
1732163689210 -0.179492 374
1732163689838 -0.179459 375
1732163690480 0.33824 376
1732163691262 0.539176 377
1732163691911 0.596275 378
1732163692544 -0.06875 379
1732163693150 -0.023993 380
1732163693805 0.000275 381
1732163694563 0.247668 382
1732163695170 0.668564 383
1732163695735 0.658441 384
1732163696318 0.317176 385
1732163696955 0.6371 386
1732163697610 0.592558 387
1732163698264 1.049987 388
1732163698841 0.032318 389
1732163699517 -0.080439 390
1732163700130 0.166037 391
1732163700745 0.553514 392
1732163701369 0.438156 393
1732163701962 0.361814 394
1732163702572 0.000275 395
1732163703402 -0.100449 396
1732163703976 0.557519 397
1732163704632 -0.031455 398
1732163705303 0.287089 399
1732163705901 0.944046 400
1732163706495 0.777509 401
1732163707154 0.760954 402
1732163707853 0.51538 403
1732163708485 -0.211466 404
1732163709136 0.557519 405
1732163709760 0.094557 406
1732163710479 0.420292 407
1732163711095 -0.152771 408
1732163711694 0.805136 409
1732163712323 0.33824 410
1732163713015 0.880277 411
1732163713615 -0.225543 412
1732163714200 0.772353 413
1732163714876 0.681872 414
1732163715483 0.389957 415
1732163716121 0.629852 416
1732163716815 0.805136 417
1732163717407 0.609097 418
1732163717991 -0.147456 419
1732163718619 -0.139183 420
1732163719295 0.400426 421
1732163720070 0.390524 422
1732163720795 0.317176 423
1732163721395 0.114846 424
1732163722022 0.814816 425
1732163722696 0.133294 426
1732163723283 0.766981 427
1732163723887 0.3049 428
1732163724509 -0.147456 429
1732163725120 0.582869 430
1732163725743 0.392133 431
1732163726420 -0.06875 432
1732163727128 0.686782 433
1732163727686 0.309015 434
1732163728280 0.049851 435
1732163728843 0.390409 436
1732163729512 0.384908 437
1732163730190 0.525038 438
1732163730925 0.001421 439
1732163731526 1.146428 440
1732163732136 0.171878 441
1732163732750 0.799805 442
1732163733399 0.724117 443
1732163734014 0.3049 444
1732163734600 0.401532 445
1732163735299 0.243261 446
1732163735899 0.156179 447
1732163736598 -0.069098 448
1732163737142 0.608803 449
1732163737741 0.288168 450
1732163738396 0.458291 451
1732163739059 0.896778 452
1732163739763 0.608803 453
1732163740483 0.861823 454
1732163741058 0.402043 455
1732163741633 -0.00341 456
1732163742202 0.367752 457
1732163742856 0.744109 458
1732163743410 0.696204 459
1732163744017 0.51538 460
1732163744593 -0.158511 461
1732163745218 -0.211466 462
1732163745813 0.51538 463
1732163746390 0.336594 464
1732163746965 0.840278 465
1732163747596 -0.077331 466
1732163748280 1.068894 467
1732163748880 0.895889 468
1732163749478 -0.211466 469
1732163750112 0.431724 470
1732163750726 0.147725 471
1732163751407 0.339051 472
1732163752024 -0.201996 473
1732163752669 0.329573 474
1732163753262 -0.044044 475
1732163753909 0.27026 476
1732163754544 0.247668 477
1732163755251 0.174861 478
1732163755862 0.681872 479
1732163756454 0.367026 480
1732163757092 -0.009089 481
1732163757747 -0.125476 482
1732163758464 0.962644 483
1732163759206 0.007092 484
1732163759936 -0.05472 485
1732163760619 -0.276228 486
1732163761210 0.781242 487
1732163761780 -0.124304 488
1732163762388 0.588272 489
1732163763016 0.074142 490
1732163763609 0.153786 491
1732163764231 0.685461 492
1732163764857 0.315243 493
1732163765566 0.880277 494
1732163766143 -0.201996 495
1732163766762 -0.20712 496
1732163767340 0.376317 497
1732163767967 0.468249 498
1732163768634 0.887338 499
