1732163448459 0.021407 0
1732163449548 0.45565 1
1732163450212 0.853358 2
1732163450844 0.19882 3
1732163451596 0.336512 4
1732163452275 0.121304 5
1732163452987 0.000953 6
1732163453755 0.012203 7
1732163454422 0.053206 8
1732163455065 0.865159 9
1732163455718 0.19602 10
1732163456422 1.120601 11
1732163457091 0.451477 12
1732163457810 0.047018 13
1732163458482 0.764627 14
1732163459179 0.315412 15
1732163459895 0.136304 16
1732163460568 0.099873 17
1732163461189 0.131206 18
1732163461792 0.31321 19
1732163462385 -0.162333 20
1732163463089 0.23537 21
1732163463682 0.247641 22
1732163464337 0.153005 23
1732163465030 0.199454 24
1732163465722 0.149608 25
1732163466410 0.135107 26
1732163467062 0.48166 27
1732163467720 0.327057 28
1732163468511 0.895389 29
1732163469086 0.050011 30
1732163469694 0.210317 31
1732163470291 0.123307 32
1732163470957 0.866785 33
1732163471608 0.124393 34
1732163472341 0.355439 35
1732163472976 0.206181 36
1732163473618 0.143048 37
1732163474167 0.858514 38
1732163474773 0.658609 39
1732163475381 0.472409 40
1732163476028 -0.140883 41
1732163476650 0.256538 42
1732163477333 0.062066 43
1732163478091 0.951639 44
1732163478729 0.544905 45
1732163479344 0.676616 46
1732163480081 0.728834 47
1732163480741 0.18814 48
1732163481310 0.418965 49
1732163481958 1.004414 50
1732163482584 0.669653 51
1732163483225 0.72873 52
1732163483860 1.027093 53
1732163484531 0.093038 54
1732163485243 0.45395 55
1732163485924 0.045424 56
1732163486523 0.107481 57
1732163487147 0.22889 58
1732163487914 0.408898 59
1732163488557 0.358224 60
1732163489158 0.651652 61
1732163489749 1.476051 62
1732163490386 1.192696 63
1732163490991 0.090518 64
1732163491609 0.020181 65
1732163492285 0.044888 66
1732163492970 1.273094 67
1732163493718 0.086688 68
1732163494310 0.133881 69
1732163494953 0.142718 70
1732163495556 0.023704 71
1732163496191 0.302292 72
1732163496912 0.089014 73
1732163497594 0.770449 74
1732163498190 0.802296 75
1732163498779 0.722315 76
1732163499390 0.105669 77
1732163500009 0.274157 78
1732163500600 0.700911 79
1732163501220 0.5528 80
1732163501939 0.175484 81
1732163502519 0.661856 82
1732163503144 0.260872 83
1732163503759 -0.056844 84
1732163504443 0.682267 85
1732163505086 0.332587 86
1732163505903 -0.015517 87
1732163506475 0.214746 88
1732163507057 0.186195 89
1732163507628 0.132785 90
1732163508202 0.311552 91
1732163508807 0.138364 92
1732163509444 1.115389 93
1732163510010 0.616815 94
1732163510621 0.049383 95
1732163511317 0.800752 96
1732163511921 0.733659 97
1732163512526 1.050427 98
1732163513111 0.17919 99
1732163513759 0.203522 100
1732163514423 0.128227 101
1732163515044 0.484245 102
1732163515674 0.234755 103
1732163516405 0.037982 104
1732163517143 1.393484 105
1732163517764 0.166337 106
1732163518425 0.079062 107
1732163519034 -0.063385 108
1732163519664 0.517277 109
1732163520276 0.169976 110
1732163520974 0.041241 111
1732163521576 0.568348 112
1732163522198 0.812275 113
1732163522843 0.118592 114
1732163523448 0.783519 115
1732163524067 0.024101 116
1732163524692 0.870319 117
1732163525327 0.716918 118
1732163526007 0.686912 119
1732163526596 0.329297 120
1732163527214 0.046167 121
1732163527841 -0.140861 122
1732163528518 0.926292 123
1732163529174 0.596813 124
1732163529845 0.233683 125
1732163530496 0.495253 126
1732163531117 -0.0212 127
1732163531763 0.842191 128
1732163532379 0.292697 129
1732163533008 1.113325 130
1732163533630 0.706163 131
1732163534227 -0.110799 132
1732163534832 0.544847 133
1732163535459 0.0006 134
1732163536091 0.871962 135
1732163536843 1.900726 136
1732163537560 0.528976 137
1732163538193 0.337597 138
1732163538846 0.290932 139
1732163539572 0.38376 140
1732163540180 0.961788 141
1732163540804 0.263304 142
1732163541428 0.299396 143
1732163542036 0.572676 144
1732163542687 0.156225 145
1732163543364 0.857479 146
1732163544077 0.157024 147
1732163544713 0.56365 148
1732163545288 0.445832 149
1732163545909 0.608357 150
1732163546616 0.143621 151
1732163547284 0.283511 152
1732163547894 0.515953 153
1732163548480 0.591961 154
1732163549116 0.476858 155
1732163549801 0.692865 156
1732163550430 0.23974 157
1732163551131 0.276144 158
1732163551912 0.752119 159
1732163552487 0.154971 160
1732163553080 0.049787 161
1732163553730 0.783575 162
1732163554317 0.063216 163
1732163555025 0.986936 164
1732163555689 0.034544 165
1732163556306 0.147652 166
1732163556907 0.706777 167
1732163557532 0.621658 168
1732163558170 -0.079901 169
1732163558819 0.187176 170
1732163559510 0.473135 171
1732163560138 0.402329 172
1732163560700 0.188655 173
1732163561347 0.167582 174
1732163561934 0.004879 175
1732163562555 1.005171 176
1732163563368 0.272122 177
1732163564020 0.219078 178
1732163564605 1.306943 179
1732163565184 0.390794 180
1732163565800 0.066981 181
1732163566404 0.509973 182
1732163567030 0.204193 183
1732163567680 0.063306 184
1732163568494 0.146397 185
1732163569133 0.700875 186
1732163569764 -0.106215 187
1732163570360 0.2071 188
1732163571067 0.753213 189
1732163571711 0.112067 190
1732163572347 0.663139 191
1732163572985 0.127989 192
1732163573736 0.74812 193
1732163574339 0.169371 194
1732163574963 0.371892 195
1732163575584 0.636796 196
1732163576253 0.861839 197
1732163576904 0.985184 198
1732163577527 0.337016 199
1732163578160 0.326014 200
1732163578802 -0.125094 201
1732163579540 -0.001493 202
1732163580199 0.468956 203
1732163580840 0.90907 204
1732163581537 0.141423 205
1732163582430 0.753759 206
1732163583067 0.656515 207
1732163583673 0.523772 208
1732163584294 0.18602 209
1732163584969 0.202644 210
1732163585576 0.476191 211
1732163586253 0.725443 212
1732163586883 -0.049304 213
1732163587480 0.219658 214
1732163588088 0.692905 215
1732163588694 0.276865 216
1732163589328 0.531513 217
1732163589932 0.219576 218
1732163590555 0.767689 219
1732163591257 0.134007 220
1732163591893 0.184764 221
1732163592489 0.263575 222
1732163593091 -0.083293 223
1732163593746 0.906144 224
1732163594446 0.312425 225
1732163595135 0.040837 226
1732163595823 0.827019 227
1732163596505 0.267722 228
1732163597198 0.271401 229
1732163597824 0.23181 230
1732163598414 0.185685 231
1732163599047 0.069086 232
1732163599681 1.077568 233
1732163600389 0.475035 234
1732163601106 0.441436 235
1732163601756 0.28234 236
1732163602395 -0.183636 237
1732163603028 0.543423 238
1732163603641 0.54715 239
1732163604263 0.170593 240
1732163604970 0.268636 241
1732163605609 0.082327 242
1732163606337 1.082862 243
1732163607041 0.227474 244
1732163607647 0.214968 245
1732163608290 0.696241 246
1732163608952 0.557094 247
1732163609637 0.331586 248
1732163610314 0.883145 249
1732163610947 0.136221 250
1732163611503 0.22369 251
1732163612119 0.330936 252
1732163612778 0.055254 253
1732163613410 0.523085 254
1732163614017 0.41059 255
1732163614696 0.651815 256
1732163615312 0.521148 257
1732163615913 0.385219 258
1732163616469 0.227949 259
1732163617078 0.719386 260
1732163617705 1.704963 261
1732163618341 0.122942 262
1732163618993 0.155695 263
1732163619614 1.042914 264
1732163620198 0.206317 265
1732163620792 0.150215 266
1732163621462 0.602193 267
1732163622010 0.049914 268
1732163622658 -0.025492 269
1732163623238 -0.144515 270
1732163623925 0.042591 271
1732163624510 0.072037 272
1732163625117 0.316358 273
1732163625657 0.106119 274
1732163626198 0.665014 275
1732163626818 0.897724 276
1732163627398 0.561086 277
1732163627977 -0.087463 278
1732163628557 0.01127 279
1732163629253 0.611049 280
1732163629930 0.61112 281
1732163630545 0.587124 282
1732163631104 0.707598 283
1732163631662 0.251993 284
1732163632390 0.194124 285
1732163633058 0.252973 286
1732163633705 0.52798 287
1732163634324 0.864907 288
1732163634959 0.639271 289
1732163635602 0.122324 290
1732163636190 0.078259 291
1732163636843 0.575826 292
1732163637507 0.155262 293
1732163638109 1.120793 294
1732163638703 0.255311 295
1732163639328 0.095733 296
1732163639989 0.681828 297
1732163640683 0.936384 298
1732163641311 0.000509 299
1732163641923 0.437228 300
1732163642658 0.199591 301
1732163643329 0.176237 302
1732163643917 0.180409 303
1732163644487 1.341132 304
1732163645074 0.134439 305
1732163645680 0.187685 306
1732163646296 0.077064 307
1732163646897 0.785496 308
1732163647538 0.068331 309
1732163648226 0.470799 310
1732163648906 0.135343 311
1732163649505 0.306292 312
1732163650099 1.125513 313
1732163650755 0.51011 314
1732163651452 0.791816 315
1732163652098 0.121392 316
1732163652679 0.208111 317
1732163653370 0.228932 318
1732163654011 0.184009 319
1732163654690 0.281098 320
1732163655259 0.336286 321
1732163655891 0.00365 322
1732163656505 1.019098 323
1732163657232 0.634566 324
1732163657827 0.251905 325
1732163658426 -0.112565 326
1732163659136 0.571236 327
1732163659722 0.058685 328
1732163660316 1.133221 329
1732163661064 0.287442 330
1732163661741 0.129002 331
1732163662324 0.451217 332
1732163662949 0.036255 333
1732163663627 0.282269 334
1732163664264 -0.017801 335
1732163664853 0.437157 336
1732163665497 0.312525 337
1732163666134 0.945695 338
1732163666709 1.327653 339
1732163667343 -0.043621 340
1732163667972 0.224212 341
1732163668653 0.584772 342
1732163669313 0.741973 343
1732163669983 1.132844 344
1732163670596 0.720905 345
1732163671205 0.139814 346
1732163671818 -0.168892 347
1732163672504 1.611836 348
1732163673121 0.149377 349
1732163673730 0.123783 350
1732163674377 0.477241 351
1732163675090 0.650941 352
1732163675677 0.221154 353
1732163676257 0.116986 354
1732163676871 0.447146 355
1732163677507 0.047038 356
1732163678151 0.524833 357
1732163678857 1.034685 358
1732163679543 -0.078096 359
1732163680140 0.066206 360
1732163680736 0.716553 361
1732163681308 0.169138 362
1732163681925 1.109057 363
1732163682644 0.152108 364
1732163683304 0.214375 365
1732163683911 0.25833 366
1732163684472 0.147169 367
1732163685069 0.21307 368
1732163685669 0.296437 369
1732163686367 0.534863 370
1732163687022 0.190527 371
1732163687658 0.099135 372
1732163688263 0.027981 373
1732163688907 0.472142 374
1732163689547 0.199332 375
1732163690197 0.13805 376
1732163690904 0.798744 377
1732163691575 0.59889 378
1732163692272 0.374373 379
1732163692877 1.001582 380
1732163693525 0.353027 381
1732163694246 0.581689 382
1732163694926 1.08378 383
1732163695483 1.390078 384
1732163696051 0.761216 385
1732163696691 0.578552 386
1732163697352 0.109752 387
1732163697983 0.226447 388
1732163698583 0.311029 389
1732163699234 0.103618 390
1732163699834 0.160674 391
1732163700463 0.092155 392
1732163701105 0.122656 393
1732163701714 0.851806 394
1732163702292 0.671341 395
1732163703061 0.711417 396
1732163703742 0.270747 397
1732163704332 0.078879 398
1732163705025 -0.090676 399
1732163705654 0.269347 400
1732163706235 -0.023297 401
1732163706851 0.701013 402
1732163707561 0.658977 403
1732163708200 0.662282 404
1732163708839 0.156113 405
1732163709481 1.307185 406
1732163710198 -0.009812 407
1732163710829 0.382785 408
1732163711427 0.139077 409
1732163712034 0.061096 410
1732163712712 0.207982 411
1732163713359 0.297882 412
1732163713951 0.240665 413
1732163714606 0.115835 414
1732163715217 0.040764 415
1732163715835 0.259865 416
1732163716536 0.006196 417
1732163717152 0.319891 418
1732163717724 0.430955 419
1732163718312 0.407491 420
1732163719034 0.623342 421
1732163719732 -0.011496 422
1732163720495 0.762115 423
1732163721141 0.218042 424
1732163721738 0.086271 425
1732163722374 0.137715 426
1732163723013 0.212064 427
1732163723636 0.95861 428
1732163724241 0.638421 429
1732163724860 0.06251 430
1732163725461 0.100309 431
1732163726146 0.428265 432
1732163726835 0.077223 433
1732163727440 0.543726 434
1732163728027 0.158447 435
1732163728600 0.163482 436
1732163729224 0.84067 437
1732163729886 0.175674 438
1732163730633 0.076744 439
1732163731275 0.143185 440
1732163731858 0.238438 441
1732163732452 0.800967 442
1732163733124 0.826069 443
1732163733745 0.219969 444
1732163734340 0.015073 445
1732163734991 0.900152 446
1732163735640 0.480653 447
1732163736232 0.219761 448
1732163736867 0.586761 449
1732163737463 0.152704 450
1732163738126 1.143421 451
1732163738762 0.181587 452
1732163739464 0.165744 453
1732163740185 0.331997 454
1732163740791 0.321262 455
1732163741374 0.059942 456
1732163741950 1.129209 457
1732163742584 0.610421 458
1732163743178 0.606569 459
1732163743739 0.227611 460
1732163744330 0.510723 461
1732163744927 -0.084663 462
1732163745529 0.945833 463
1732163746142 -0.01011 464
1732163746706 0.085165 465
1732163747322 0.2021 466
1732163748019 0.394999 467
1732163748619 0.270857 468
1732163749226 -0.036672 469
1732163749804 0.204501 470
1732163750444 0.386246 471
1732163751131 0.910837 472
1732163751758 0.707571 473
1732163752401 0.701169 474
1732163752989 0.117232 475
1732163753643 0.216301 476
1732163754273 0.394343 477
1732163754958 0.38018 478
1732163755581 0.343596 479
1732163756175 0.8299 480
1732163756813 0.77123 481
1732163757483 0.017523 482
1732163758111 0.533895 483
1732163758899 0.265437 484
1732163759647 0.069604 485
1732163760321 0.045903 486
1732163760963 0.642393 487
1732163761527 0.751358 488
1732163762145 0.249039 489
1732163762749 0.133664 490
1732163763349 0.489614 491
1732163763948 0.563874 492
1732163764602 0.317172 493
1732163765267 0.660276 494
1732163765877 1.389447 495
1732163766478 0.1654 496
1732163767066 -0.016328 497
1732163767691 0.805703 498
1732163768328 0.199931 499
