1730719053221 157.626434 3
1730719054618 -89.378403 7
1730719056129 9.323901 11
1730719057359 40.314426 15
1730719058671 134.930389 19
1730719059930 120.164711 23
1730719061228 16.765684 27
1730719062387 -54.837627 31
1730719063804 49.565849 35
1730719065047 -23.543901 39
1730719066456 264.14444 43
1730719067696 78.233902 47
1730719069040 258.253906 51
1730719070291 122.059349 55
1730719071781 150.729706 59
1730719073216 155.918839 63
1730719074710 133.906448 67
1730719076165 23.284321 71
1730719077795 32.357063 75
1730719079354 43.980511 79
1730719080950 -18.954365 83
1730719082538 143.929855 87
1730719084138 -14.455798 91
1730719085618 68.478004 95
1730719087283 48.135303 99
1730719088691 -27.141468 103
1730719090244 -34.832352 107
1730719091854 195.62999 111
1730719093465 44.55584 115
1730719094704 -102.749687 119
1730719096346 97.642754 123
1730719097736 17.631287 127
1730719099234 -0.340058 131
1730719100763 128.882401 135
1730719102162 45.544254 139
1730719103532 62.596519 143
1730719104968 30.430279 147
1730719106248 182.723831 151
1730719107649 171.89537 155
1730719109100 12.655397 159
1730719110470 -34.831474 163
1730719111756 61.497608 167
1730719113158 31.9291 171
1730719114421 -12.874989 175
1730719115785 25.746435 179
1730719117046 39.078964 183
1730719118545 14.477148 187
1730719119772 146.23642 191
1730719121165 206.210342 195
1730719122566 147.018173 199
1730719123937 113.003304 203
1730719125227 -2.86659 207
1730719126648 264.144653 211
1730719127999 183.78598 215
1730719129416 40.333355 219
1730719130749 163.344528 223
1730719132424 258.531189 227
1730719133974 44.242409 231
1730719135456 50.022495 235
1730719136896 4.429989 239
1730719138590 -35.218521 243
1730719139964 58.498379 247
1730719141570 7.438469 251
1730719143088 95.732056 255
1730719144789 292.164734 259
1730719146349 215.659821 263
1730719147797 131.980591 267
1730719149196 -7.671257 271
1730719150705 39.247242 275
1730719152295 17.335991 279
1730719154066 40.905521 283
1730719155548 124.376228 287
1730719157047 213.304535 291
1730719158553 264.144226 295
1730719160255 83.988724 299
1730719161839 -34.831802 303
1730719163302 -16.385578 307
1730719164747 -33.694763 311
1730719166248 62.402031 315
1730719167501 -19.796663 319
1730719169152 29.118889 323
1730719170576 19.232094 327
1730719172163 79.013535 331
1730719173545 0.368346 335
1730719175007 74.335114 339
1730719176356 129.406113 343
1730719177873 15.165646 347
1730719179196 195.63063 351
1730719180771 64.038986 355
1730719182145 275.680023 359
1730719183760 55.905258 363
1730719185172 48.119549 367
1730719186623 188.940231 371
1730719187955 14.644423 375
1730719189398 -20.797937 379
1730719190641 84.508759 383
1730719192254 29.398914 387
1730719193821 163.802841 391
1730719195438 59.330391 395
1730719197065 45.812828 399
1730719198663 14.244792 403
1730719200276 266.095367 407
1730719201891 35.309586 411
1730719203539 258.532257 415
1730719205237 45.595886 419
1730719206882 113.005135 423
1730719208589 66.403786 427
1730719209802 133.526276 431
1730719211476 9.679239 435
1730719212846 248.239807 439
1730719214546 12.4204 443
1730719216082 174.43869 447
1730719217843 12.737779 451
1730719219422 41.494137 455
1730719221128 82.698273 459
1730719222662 -82.087746 463
1730719224297 58.307163 467
1730719225816 207.949203 471
1730719227389 49.511799 475
1730719229009 -34.831902 479
1730719230655 162.644791 483
1730719232212 144.484558 487
1730719233738 124.848213 491
1730719235199 173.364685 495
1730719236877 181.933548 499
