1731918468717 1.120968 0
1731918469165 1.120968 1
1731918469533 1.120968 2
1731918469887 1.120968 3
1731918470300 1.120968 4
1731918470760 1.120968 5
1731918471191 1.120968 6
1731918471599 1.120968 7
1731918472001 1.120968 8
1731918472434 1.120968 9
1731918472927 1.120968 10
1731918473380 1.120968 11
1731918473858 1.120968 12
1731918474351 1.120968 13
1731918474871 1.120968 14
1731918475319 1.120968 15
1731918475836 1.120968 16
1731918476276 1.120968 17
1731918476704 1.120968 18
1731918477165 1.120968 19
1731918477610 1.120968 20
1731918477989 1.120968 21
1731918478418 1.120968 22
1731918478897 1.120968 23
1731918479310 1.120968 24
1731918479722 1.120968 25
1731918480111 1.120968 26
1731918480566 1.120968 27
1731918480953 1.120968 28
1731918481405 1.120968 29
1731918481925 1.120968 30
1731918482436 1.120968 31
1731918482875 1.120968 32
1731918483288 1.120968 33
1731918483724 1.120968 34
1731918484137 1.120968 35
1731918484604 1.120968 36
1731918485036 1.120968 37
1731918485467 1.120968 38
1731918485858 1.120968 39
1731918486239 1.120968 40
1731918486724 1.120968 41
1731918487165 1.120968 42
1731918487615 1.120968 43
1731918487992 1.120968 44
1731918488398 1.120968 45
1731918488800 1.120968 46
1731918489187 1.120968 47
1731918489630 1.120968 48
1731918490061 1.120968 49
1731918490458 1.120968 50
1731918490838 1.120968 51
1731918491408 1.120968 52
1731918491841 1.120968 53
1731918492225 1.120968 54
1731918492623 1.120968 55
1731918493042 1.120968 56
1731918493494 1.120968 57
1731918493938 1.120968 58
1731918494375 1.120968 59
1731918494799 1.120968 60
1731918495218 1.120968 61
1731918495665 1.120968 62
1731918496043 1.120968 63
1731918496452 1.120968 64
1731918496857 1.120968 65
1731918497220 1.120968 66
1731918497593 1.120968 67
1731918497964 1.120968 68
1731918498360 1.120968 69
1731918498773 1.120968 70
1731918499168 1.120968 71
1731918499619 1.120968 72
1731918500065 1.120968 73
1731918500488 1.120968 74
1731918500910 1.120968 75
1731918501314 1.120968 76
1731918501767 1.120968 77
1731918502194 1.120968 78
1731918502594 1.120968 79
1731918503045 1.120968 80
1731918503433 1.120968 81
1731918503885 1.120968 82
1731918504324 1.120968 83
1731918504722 1.120968 84
1731918505123 1.120968 85
1731918505564 1.120968 86
1731918505945 1.120968 87
1731918506352 1.120968 88
1731918506822 1.120968 89
1731918507216 1.120968 90
1731918507601 1.120968 91
1731918507987 1.120968 92
1731918508378 1.120968 93
1731918508790 1.120968 94
1731918509204 1.120968 95
1731918509610 1.120968 96
1731918510015 1.120968 97
1731918510452 1.120968 98
1731918510864 1.120968 99
1731918511268 1.120968 100
1731918511676 1.120968 101
1731918512091 1.120968 102
1731918512546 1.120968 103
1731918512967 1.120968 104
1731918513422 1.120968 105
1731918513803 1.120968 106
1731918514195 1.120968 107
1731918514730 1.120968 108
1731918515134 1.120968 109
1731918515548 1.120968 110
1731918515933 1.120968 111
1731918516368 1.120968 112
1731918516759 1.120968 113
1731918517147 1.120968 114
1731918517544 1.120968 115
1731918517960 1.120968 116
1731918518375 1.120968 117
1731918518809 1.120968 118
1731918519203 1.120968 119
1731918519670 1.120968 120
1731918520055 1.120968 121
1731918520486 1.120968 122
1731918520896 1.120968 123
1731918521336 1.120968 124
1731918521753 1.120968 125
1731918522177 1.120968 126
1731918522609 1.120968 127
1731918523043 1.120968 128
1731918523448 1.120968 129
1731918523891 1.120968 130
1731918524302 1.120968 131
1731918524711 1.120968 132
1731918525125 1.120968 133
1731918525582 1.120968 134
1731918525989 1.120968 135
1731918526386 1.120968 136
1731918526790 1.120968 137
1731918527214 1.120968 138
1731918527594 1.120968 139
1731918527974 1.120968 140
1731918528364 1.120968 141
1731918528753 1.120968 142
1731918529202 1.120968 143
1731918529605 1.120968 144
1731918530035 1.120968 145
1731918530426 1.120968 146
1731918530832 1.120968 147
1731918531258 1.120968 148
1731918531705 1.120968 149
1731918532113 1.120968 150
1731918532544 1.120968 151
1731918532919 1.120968 152
1731918533326 1.120968 153
1731918533705 1.120968 154
1731918534098 1.120968 155
1731918534532 1.120968 156
1731918534922 1.120968 157
1731918535351 1.120968 158
1731918535758 1.120968 159
1731918536170 1.120968 160
1731918536622 1.120968 161
1731918537121 1.120968 162
1731918537533 1.120968 163
1731918537949 1.120968 164
1731918538360 1.120968 165
1731918538753 1.120968 166
1731918539151 1.120968 167
1731918539543 1.120968 168
1731918539915 1.120968 169
1731918540317 1.120968 170
1731918540699 1.120968 171
1731918541085 1.120968 172
1731918541504 1.120968 173
1731918541898 1.120968 174
1731918542311 1.120968 175
1731918542748 1.120968 176
1731918543185 1.120968 177
1731918543629 1.120968 178
1731918544203 1.120968 179
1731918544657 1.120968 180
1731918545094 1.120968 181
1731918545562 1.120968 182
1731918545970 1.120968 183
1731918546367 1.120968 184
1731918546773 1.120968 185
1731918547231 1.120968 186
1731918547662 1.120968 187
1731918548057 1.120968 188
1731918548488 1.120968 189
1731918548888 1.120968 190
1731918549327 1.120968 191
1731918549735 1.120968 192
1731918550116 1.120968 193
1731918550485 1.120968 194
1731918550898 1.120968 195
1731918551277 1.120968 196
1731918551679 1.120968 197
1731918552117 1.120968 198
1731918552501 1.120968 199
1731918552899 1.120968 200
1731918553323 1.120968 201
1731918553736 1.120968 202
1731918554141 1.120968 203
1731918554561 1.120968 204
1731918554972 1.120968 205
1731918555416 1.120968 206
1731918555810 1.120968 207
1731918556215 1.120968 208
1731918556606 1.120968 209
1731918556998 1.120968 210
1731918557441 1.120968 211
1731918557823 1.120968 212
1731918558230 1.120968 213
1731918558626 1.120968 214
1731918559066 1.120968 215
1731918559474 1.120968 216
1731918559878 1.120968 217
1731918560276 1.120968 218
1731918560689 1.120968 219
1731918561065 1.120968 220
1731918561438 1.120968 221
1731918561847 1.120968 222
1731918562248 1.120968 223
1731918562739 1.120968 224
1731918563132 1.120968 225
1731918563533 1.120968 226
1731918563950 1.120968 227
1731918564344 1.120968 228
1731918564716 1.120968 229
1731918565111 1.120968 230
1731918565504 1.120968 231
1731918565881 1.120968 232
1731918566261 1.120968 233
1731918566616 1.120968 234
1731918567009 1.120968 235
1731918567400 1.120968 236
1731918567777 1.120968 237
1731918568162 1.120968 238
1731918568561 1.120968 239
1731918568941 1.120968 240
1731918569332 1.120968 241
1731918569760 1.120968 242
1731918570167 1.120968 243
1731918570584 1.120968 244
1731918571048 1.120968 245
1731918571464 1.120968 246
1731918571835 1.120968 247
1731918572204 1.120968 248
1731918572581 1.120968 249
1731918572959 1.120968 250
1731918573344 1.120968 251
1731918573743 1.120968 252
1731918574122 1.120968 253
1731918574529 1.120968 254
1731918574948 1.120968 255
1731918575338 1.120968 256
1731918575760 1.120968 257
1731918576221 1.120968 258
1731918576643 1.120968 259
1731918577037 1.120968 260
1731918577425 1.120968 261
1731918577807 1.120968 262
1731918578193 1.120968 263
1731918578574 1.120968 264
1731918578958 1.120968 265
1731918579343 1.120968 266
1731918579736 1.120968 267
1731918580152 1.120968 268
1731918580571 1.120968 269
1731918580973 1.120968 270
1731918581357 1.120968 271
1731918581740 1.120968 272
1731918582130 1.120968 273
1731918582519 1.120968 274
1731918582927 1.120968 275
1731918583302 1.120968 276
1731918583665 1.120968 277
1731918584046 1.120968 278
1731918584430 1.120968 279
1731918584816 1.120968 280
1731918585232 1.120968 281
1731918585615 1.120968 282
1731918585982 1.120968 283
1731918586371 1.120968 284
1731918586753 1.120968 285
1731918587135 1.120968 286
1731918587536 1.120968 287
1731918587925 1.120968 288
1731918588330 1.120968 289
1731918588716 1.120968 290
1731918589128 1.120968 291
1731918589526 1.120968 292
1731918589960 1.120968 293
1731918590390 1.120968 294
1731918590781 1.120968 295
1731918591160 1.120968 296
1731918591554 1.120968 297
1731918591975 1.120968 298
1731918592366 1.120968 299
1731918592776 1.120968 300
1731918593179 1.120968 301
1731918593550 1.120968 302
1731918593936 1.120968 303
1731918594331 1.120968 304
1731918594728 1.120968 305
1731918595102 1.120968 306
1731918595484 1.120968 307
1731918595876 1.120968 308
1731918596265 1.120968 309
1731918596623 1.120968 310
1731918597009 1.120968 311
1731918597404 1.120968 312
1731918597805 1.120968 313
1731918598206 1.120968 314
1731918598608 1.120968 315
1731918599032 1.120968 316
1731918599441 1.120968 317
1731918599869 1.120968 318
1731918600275 1.120968 319
1731918600659 1.120968 320
1731918601030 1.120968 321
1731918601407 1.120968 322
1731918601763 1.120968 323
1731918602159 1.120968 324
1731918602559 1.120968 325
1731918602947 1.120968 326
1731918603357 1.120968 327
1731918603779 1.120968 328
1731918604166 1.120968 329
1731918604560 1.120968 330
1731918604935 1.120968 331
1731918605388 1.120968 332
1731918605840 1.120968 333
1731918606266 1.120968 334
1731918606655 1.120968 335
1731918607051 1.120968 336
1731918607489 1.120968 337
1731918607888 1.120968 338
1731918608319 1.120968 339
1731918608764 1.120968 340
1731918609184 1.120968 341
1731918609631 1.120968 342
1731918610022 1.120968 343
1731918610465 1.120968 344
1731918610888 1.120968 345
1731918611288 1.120968 346
1731918611722 1.120968 347
1731918612179 1.120968 348
1731918612627 1.120968 349
1731918613047 1.120968 350
1731918613501 1.120968 351
1731918613923 1.120968 352
1731918614354 1.120968 353
1731918614791 1.120968 354
1731918615237 1.120968 355
1731918615654 1.120968 356
1731918616086 1.120968 357
1731918616612 1.120968 358
1731918617082 1.120968 359
1731918617590 1.120968 360
1731918618029 1.120968 361
1731918618420 1.120968 362
1731918618818 1.120968 363
1731918619236 1.120968 364
1731918619659 1.120968 365
1731918620062 1.120968 366
1731918620480 1.120968 367
1731918620940 1.120968 368
1731918621374 1.120968 369
1731918621863 1.120968 370
1731918622294 1.120968 371
1731918622704 1.120968 372
1731918623116 1.120968 373
1731918623608 1.120968 374
1731918624031 1.120968 375
1731918624476 1.120968 376
1731918624905 1.120968 377
1731918625333 1.120968 378
1731918625769 1.120968 379
1731918626229 1.120968 380
1731918626624 1.120968 381
1731918627019 1.120968 382
1731918627461 1.120968 383
1731918627853 1.120968 384
1731918628240 1.120968 385
1731918628634 1.120968 386
1731918629046 1.120968 387
1731918629457 1.120968 388
1731918629876 1.120968 389
1731918630292 1.120968 390
1731918630759 1.120968 391
1731918631186 1.120968 392
1731918631606 1.120968 393
1731918632032 1.120968 394
1731918632467 1.120968 395
1731918632880 1.120968 396
1731918633297 1.120968 397
1731918633685 1.120968 398
1731918634083 1.120968 399
1731918634521 1.120968 400
1731918634943 1.120968 401
1731918635379 1.120968 402
1731918635815 1.120968 403
1731918636242 1.120968 404
1731918636667 1.120968 405
1731918637083 1.120968 406
1731918637475 1.120968 407
1731918637854 1.120968 408
1731918638319 1.120968 409
1731918638751 1.120968 410
1731918639218 1.120968 411
1731918639653 1.120968 412
1731918640102 1.120968 413
1731918640523 1.120968 414
1731918640973 1.120968 415
1731918641431 1.120968 416
1731918641825 1.120968 417
1731918642215 1.120968 418
1731918642665 1.120968 419
1731918643106 1.120968 420
1731918643535 1.120968 421
1731918643939 1.120968 422
1731918644378 1.120968 423
1731918644799 1.120968 424
1731918645208 1.120968 425
1731918645635 1.120968 426
1731918646039 1.120968 427
1731918646461 1.120968 428
1731918646907 1.120968 429
1731918647348 1.120968 430
1731918647768 1.120968 431
1731918648195 1.120968 432
1731918648615 1.120968 433
1731918649058 1.120968 434
1731918649484 1.120968 435
1731918649891 1.120968 436
1731918650343 1.120968 437
1731918650786 1.120968 438
1731918651193 1.120968 439
1731918651616 1.120968 440
1731918652048 1.120968 441
1731918652464 1.120968 442
1731918652959 1.120968 443
1731918653418 1.120968 444
1731918653860 1.120968 445
1731918654271 1.120968 446
1731918654705 1.120968 447
1731918655130 1.120968 448
1731918655568 1.120968 449
1731918655974 1.120968 450
1731918656428 1.120968 451
1731918656880 1.120968 452
1731918657368 1.120968 453
1731918657826 1.120968 454
1731918658237 1.120968 455
1731918658697 1.120968 456
1731918659114 1.120968 457
1731918659522 1.120968 458
1731918659930 1.120968 459
1731918660361 1.120968 460
1731918660775 1.120968 461
1731918661208 1.120968 462
1731918661633 1.120968 463
1731918662065 1.120968 464
1731918662505 1.120968 465
1731918662959 1.120968 466
1731918663388 1.120968 467
1731918663794 1.120968 468
1731918664226 1.120968 469
1731918664709 1.120968 470
1731918665096 1.120968 471
1731918665523 1.120968 472
1731918665960 1.120968 473
1731918666445 1.120968 474
1731918666892 1.120968 475
1731918667321 1.120968 476
1731918667771 1.120968 477
1731918668220 1.120968 478
1731918668641 1.120968 479
1731918669047 1.120968 480
1731918669453 1.120968 481
1731918669849 1.120968 482
1731918670323 1.120968 483
1731918670727 1.120968 484
1731918671140 1.120968 485
1731918671535 1.120968 486
1731918671957 1.120968 487
1731918672385 1.120968 488
1731918672752 1.120968 489
1731918673146 1.120968 490
1731918673551 1.120968 491
1731918673981 1.120968 492
1731918674402 1.120968 493
1731918674838 1.120968 494
1731918675272 1.120968 495
1731918675723 1.120968 496
1731918676144 1.120968 497
1731918676553 1.120968 498
1731918676996 1.120968 499
1731918677427 1.120968 500
1731918677862 1.120968 501
1731918678275 1.120968 502
1731918678722 1.120968 503
1731918679155 1.120968 504
1731918679595 1.120968 505
1731918680105 1.120968 506
1731918680504 1.120968 507
1731918680979 1.120968 508
1731918681422 1.120968 509
1731918681854 1.120968 510
1731918682292 1.120968 511
1731918682681 1.120968 512
1731918683079 1.120968 513
1731918683503 1.120968 514
1731918683952 1.120968 515
1731918684398 1.120968 516
1731918684844 1.120968 517
1731918685288 1.120968 518
1731918685714 1.120968 519
1731918686163 1.120968 520
1731918686568 1.120968 521
1731918686980 1.120968 522
1731918687389 1.120968 523
1731918687796 1.120968 524
1731918688201 1.120968 525
1731918688621 1.120968 526
1731918689053 1.120968 527
1731918689481 1.120968 528
1731918689904 1.120968 529
1731918690335 1.120968 530
1731918690767 1.120968 531
1731918691147 1.120968 532
1731918691591 1.120968 533
1731918692010 1.120968 534
1731918692466 1.120968 535
1731918692901 1.120968 536
1731918693338 1.120968 537
1731918693777 1.120968 538
1731918694240 1.120968 539
1731918694688 1.120968 540
1731918695143 1.120968 541
1731918695544 1.120968 542
1731918695940 1.120968 543
1731918696359 1.120968 544
1731918696796 1.120968 545
1731918697178 1.120968 546
1731918697591 1.120968 547
1731918697980 1.120968 548
1731918698411 1.120968 549
1731918698836 1.120968 550
1731918699255 1.120968 551
1731918699682 1.120968 552
1731918700105 1.120968 553
1731918700535 1.120968 554
1731918700942 1.120968 555
1731918701372 1.120968 556
1731918701812 1.120968 557
1731918702226 1.120968 558
1731918702649 1.120968 559
1731918703042 1.120968 560
1731918703475 1.120968 561
1731918703908 1.120968 562
1731918704336 1.120968 563
1731918704799 1.120968 564
1731918705204 1.120968 565
1731918705659 1.120968 566
1731918706140 1.120968 567
1731918706559 1.120968 568
1731918706962 1.120968 569
1731918707369 1.120968 570
1731918707804 1.120968 571
1731918708198 1.120968 572
1731918708658 1.120968 573
1731918709066 1.120968 574
1731918709486 1.120968 575
1731918709873 1.120968 576
1731918710324 1.120968 577
1731918710756 1.120968 578
1731918711225 1.120968 579
1731918711642 1.120968 580
1731918712044 1.120968 581
1731918712495 1.120968 582
1731918712929 1.120968 583
1731918713362 1.120968 584
1731918713736 1.120968 585
1731918714181 1.120968 586
1731918714625 1.120968 587
1731918715079 1.120968 588
1731918715505 1.120968 589
1731918715894 1.120968 590
1731918716324 1.120968 591
1731918716764 1.120968 592
1731918717237 1.120968 593
1731918717691 1.120968 594
1731918718074 1.120968 595
1731918718497 1.120968 596
1731918718902 1.120968 597
1731918719350 1.120968 598
1731918719769 1.120968 599
1731918720210 1.120968 600
1731918720603 1.120968 601
1731918720981 1.120968 602
1731918721403 1.120968 603
1731918721793 1.120968 604
1731918722219 1.120968 605
1731918722638 1.120968 606
1731918723132 1.120968 607
1731918723596 1.120968 608
1731918724036 1.120968 609
1731918724473 1.120968 610
1731918724912 1.120968 611
1731918725325 1.120968 612
1731918725809 1.120968 613
1731918726211 1.120968 614
1731918726622 1.120968 615
1731918727038 1.120968 616
1731918727424 1.120968 617
1731918727817 1.120968 618
1731918728267 1.120968 619
1731918728714 1.120968 620
1731918729111 1.120968 621
1731918729528 1.120968 622
1731918729945 1.120968 623
1731918730357 1.120968 624
1731918730808 1.120968 625
1731918731227 1.120968 626
1731918731625 1.120968 627
1731918732022 1.120968 628
1731918732450 1.120968 629
1731918732873 1.120968 630
1731918733318 1.120968 631
1731918733717 1.120968 632
1731918734143 1.120968 633
1731918734596 1.120968 634
1731918735011 1.120968 635
1731918735445 1.120968 636
1731918735901 1.120968 637
1731918736337 1.120968 638
1731918736810 1.120968 639
1731918737246 1.120968 640
1731918737732 1.120968 641
1731918738239 1.120968 642
1731918738704 1.120968 643
1731918739143 1.120968 644
1731918739598 1.120968 645
1731918740007 1.120968 646
1731918740462 1.120968 647
1731918740889 1.120968 648
1731918741311 1.120968 649
1731918741703 1.120968 650
1731918742101 1.120968 651
1731918742564 1.120968 652
1731918743013 1.120968 653
1731918743477 1.120968 654
1731918743880 1.120968 655
1731918744286 1.120968 656
1731918744727 1.120968 657
1731918745224 1.120968 658
1731918745642 1.120968 659
1731918746040 1.120968 660
1731918746452 1.120968 661
1731918746918 1.120968 662
1731918747329 1.120968 663
1731918747746 1.120968 664
1731918748185 1.120968 665
1731918748677 1.120968 666
1731918749124 1.120968 667
1731918749577 1.120968 668
1731918750048 1.120968 669
1731918750513 1.120968 670
1731918750926 1.120968 671
1731918751405 1.120968 672
1731918751807 1.120968 673
1731918752248 1.120968 674
1731918752643 1.120968 675
1731918753045 1.120968 676
1731918753455 1.120968 677
1731918753880 1.120968 678
1731918754324 1.120968 679
1731918754751 1.120968 680
1731918755162 1.120968 681
1731918755648 1.120968 682
1731918756074 1.120968 683
1731918756484 1.120968 684
1731918756923 1.120968 685
1731918757340 1.120968 686
1731918757851 1.120968 687
1731918758262 1.120968 688
1731918758728 1.120968 689
1731918759123 1.120968 690
1731918759551 1.120968 691
1731918760040 1.120968 692
1731918760516 1.120968 693
1731918760902 1.120968 694
1731918761299 1.120968 695
1731918761742 1.120968 696
1731918762146 1.120968 697
1731918762646 1.120968 698
1731918763098 1.120968 699
1731918763528 1.120968 700
1731918763976 1.120968 701
1731918764434 1.120968 702
1731918764867 1.120968 703
1731918765265 1.120968 704
1731918765664 1.120968 705
1731918766069 1.120968 706
1731918766514 1.120968 707
1731918766945 1.120968 708
1731918767397 1.120968 709
1731918767822 1.120968 710
1731918768284 1.120968 711
1731918768720 1.120968 712
1731918769134 1.120968 713
1731918769533 1.120968 714
1731918769932 1.120968 715
1731918770370 1.120968 716
1731918770802 1.120968 717
1731918771232 1.120968 718
1731918771668 1.120968 719
1731918772095 1.120968 720
1731918772492 1.120968 721
1731918772917 1.120968 722
1731918773361 1.120968 723
1731918773791 1.120968 724
1731918774254 1.120968 725
1731918774703 1.120968 726
1731918775092 1.120968 727
1731918775502 1.120968 728
1731918775937 1.120968 729
1731918776370 1.120968 730
1731918776795 1.120968 731
1731918777269 1.120968 732
1731918777748 1.120968 733
1731918778208 1.120968 734
1731918778662 1.120968 735
1731918779064 1.120968 736
1731918779506 1.120968 737
1731918779913 1.120968 738
1731918780365 1.120968 739
1731918780793 1.120968 740
1731918781274 1.120968 741
1731918781682 1.120968 742
1731918782114 1.120968 743
1731918782570 1.120968 744
1731918783003 1.120968 745
1731918783423 1.120968 746
1731918783861 1.120968 747
1731918784278 1.120968 748
1731918784749 1.120968 749
1731918785192 1.120968 750
1731918785613 1.120968 751
1731918786036 1.120968 752
1731918786459 1.120968 753
1731918786857 1.120968 754
1731918787255 1.120968 755
1731918787678 1.120968 756
1731918788130 1.120968 757
1731918788568 1.120968 758
1731918789010 1.120968 759
1731918789455 1.120968 760
1731918789877 1.120968 761
1731918790308 1.120968 762
1731918790719 1.120968 763
1731918791145 1.120968 764
1731918791602 1.120968 765
1731918792041 1.120968 766
1731918792479 1.120968 767
1731918792889 1.120968 768
1731918793281 1.120968 769
1731918793683 1.120968 770
1731918794083 1.120968 771
1731918794486 1.120968 772
1731918794900 1.120968 773
1731918795304 1.120968 774
1731918795774 1.120968 775
1731918796233 1.120968 776
1731918796648 1.120968 777
1731918797070 1.120968 778
1731918797508 1.120968 779
1731918797933 1.120968 780
1731918798382 1.120968 781
1731918798850 1.120968 782
1731918799334 1.120968 783
1731918799752 1.120968 784
1731918800185 1.120968 785
1731918800632 1.120968 786
1731918801050 1.120968 787
1731918801490 1.120968 788
1731918801876 1.120968 789
1731918802275 1.120968 790
1731918802696 1.120968 791
1731918803195 1.120968 792
1731918803632 1.120968 793
1731918804066 1.120968 794
1731918804504 1.120968 795
1731918804939 1.120968 796
1731918805353 1.120968 797
1731918805788 1.120968 798
1731918806214 1.120968 799
1731918806655 1.120968 800
1731918807082 1.120968 801
1731918807516 1.120968 802
1731918807915 1.120968 803
1731918808354 1.120968 804
1731918808764 1.120968 805
1731918809163 1.120968 806
1731918809581 1.120968 807
1731918810002 1.120968 808
1731918810433 1.120968 809
1731918810889 1.120968 810
1731918811285 1.120968 811
1731918811715 1.120968 812
1731918812207 1.120968 813
1731918812631 1.120968 814
1731918813029 1.120968 815
1731918813422 1.120968 816
1731918813850 1.120968 817
1731918814235 1.120968 818
1731918814662 1.120968 819
1731918815095 1.120968 820
1731918815526 1.120968 821
1731918815985 1.120968 822
1731918816423 1.120968 823
1731918816871 1.120968 824
1731918817314 1.120968 825
1731918817724 1.120968 826
1731918818153 1.120968 827
1731918818577 1.120968 828
1731918818988 1.120968 829
1731918819411 1.120968 830
1731918819837 1.120968 831
1731918820231 1.120968 832
1731918820624 1.120968 833
1731918821019 1.120968 834
1731918821429 1.120968 835
1731918821837 1.120968 836
1731918822281 1.120968 837
1731918822701 1.120968 838
1731918823128 1.120968 839
1731918823547 1.120968 840
1731918823952 1.120968 841
1731918824374 1.120968 842
1731918824791 1.120968 843
1731918825213 1.120968 844
1731918825632 1.120968 845
1731918826049 1.120968 846
1731918826474 1.120968 847
1731918826898 1.120968 848
1731918827309 1.120968 849
1731918827729 1.120968 850
1731918828141 1.120968 851
1731918828563 1.120968 852
1731918828969 1.120968 853
1731918829367 1.120968 854
1731918829785 1.120968 855
1731918830187 1.120968 856
1731918830587 1.120968 857
1731918830964 1.120968 858
1731918831373 1.120968 859
1731918831775 1.120968 860
1731918832172 1.120968 861
1731918832591 1.120968 862
1731918832989 1.120968 863
1731918833400 1.120968 864
1731918833811 1.120968 865
1731918834224 1.120968 866
1731918834654 1.120968 867
1731918835103 1.120968 868
1731918835548 1.120968 869
1731918835973 1.120968 870
1731918836403 1.120968 871
1731918836810 1.120968 872
1731918837228 1.120968 873
1731918837624 1.120968 874
1731918838012 1.120968 875
1731918838443 1.120968 876
1731918838860 1.120968 877
1731918839284 1.120968 878
1731918839688 1.120968 879
1731918840123 1.120968 880
1731918840554 1.120968 881
1731918840973 1.120968 882
1731918841371 1.120968 883
1731918841754 1.120968 884
1731918842137 1.120968 885
1731918842539 1.120968 886
1731918842940 1.120968 887
1731918843335 1.120968 888
1731918843722 1.120968 889
1731918844125 1.120968 890
1731918844527 1.120968 891
1731918844937 1.120968 892
1731918845353 1.120968 893
1731918845763 1.120968 894
1731918846170 1.120968 895
1731918846609 1.120968 896
1731918847031 1.120968 897
1731918847434 1.120968 898
1731918847867 1.120968 899
1731918848267 1.120968 900
1731918848689 1.120968 901
1731918849077 1.120968 902
1731918849473 1.120968 903
1731918849874 1.120968 904
1731918850285 1.120968 905
1731918850687 1.120968 906
1731918851088 1.120968 907
1731918851484 1.120968 908
1731918851873 1.120968 909
1731918852270 1.120968 910
1731918852698 1.120968 911
1731918853082 1.120968 912
1731918853494 1.120968 913
1731918853880 1.120968 914
1731918854277 1.120968 915
1731918854675 1.120968 916
1731918855089 1.120968 917
1731918855501 1.120968 918
1731918855916 1.120968 919
1731918856319 1.120968 920
1731918856727 1.120968 921
1731918857131 1.120968 922
1731918857542 1.120968 923
1731918857920 1.120968 924
1731918858316 1.120968 925
1731918858778 1.120968 926
1731918859201 1.120968 927
1731918859677 1.120968 928
1731918860151 1.120968 929
1731918860679 1.120968 930
1731918861098 1.120968 931
1731918861555 1.120968 932
1731918861951 1.120968 933
1731918862398 1.120968 934
1731918862811 1.120968 935
1731918863227 1.120968 936
1731918863653 1.120968 937
1731918864114 1.120968 938
1731918864540 1.120968 939
1731918864981 1.120968 940
1731918865410 1.120968 941
1731918865831 1.120968 942
1731918866298 1.120968 943
1731918866733 1.120968 944
1731918867169 1.120968 945
1731918867638 1.120968 946
1731918868045 1.120968 947
1731918868482 1.120968 948
1731918868910 1.120968 949
1731918869361 1.120968 950
1731918869785 1.120968 951
1731918870224 1.120968 952
1731918870682 1.120968 953
1731918871114 1.120968 954
1731918871565 1.120968 955
1731918872019 1.120968 956
1731918872445 1.120968 957
1731918872847 1.120968 958
1731918873292 1.120968 959
1731918873735 1.120968 960
1731918874166 1.120968 961
1731918874645 1.120968 962
1731918875064 1.120968 963
1731918875500 1.120968 964
1731918875912 1.120968 965
1731918876388 1.120968 966
1731918876872 1.120968 967
1731918877364 1.120968 968
1731918877778 1.120968 969
1731918878203 1.120968 970
1731918878660 1.120968 971
1731918879110 1.120968 972
1731918879509 1.120968 973
1731918879980 1.120968 974
1731918880434 1.120968 975
1731918880897 1.120968 976
1731918881316 1.120968 977
1731918881734 1.120968 978
1731918882110 1.120968 979
1731918882525 1.120968 980
1731918882936 1.120968 981
1731918883335 1.120968 982
1731918883762 1.120968 983
1731918884166 1.120968 984
1731918884591 1.120968 985
1731918885011 1.120968 986
1731918885437 1.120968 987
1731918885888 1.120968 988
1731918886336 1.120968 989
1731918886834 1.120968 990
1731918887275 1.120968 991
1731918887708 1.120968 992
1731918888155 1.120968 993
1731918888565 1.120968 994
1731918889019 1.120968 995
1731918889416 1.120968 996
1731918889811 1.120968 997
1731918890226 1.120968 998
1731918890654 1.120968 999
