1732256710083 -0.00102 0
1732256710626 -0.01941 1
1732256711009 -0.0278 2
1732256711387 -0.086249 3
1732256711778 0.16253 4
1732256712171 0.152195 5
1732256712556 0.000757 6
1732256712942 0.002726 7
1732256713327 0.088937 8
1732256713721 -0.169054 9
1732256714100 0.048057 10
1732256714473 0.090886 11
1732256714852 0.054735 12
1732256715249 -0.130955 13
1732256715627 -0.310218 14
1732256716020 0.13955 15
1732256716395 0.019741 16
1732256716785 0.079429 17
1732256717174 0.11402 18
1732256717554 0.079293 19
1732256717948 0.046452 20
1732256718354 0.139792 21
1732256718732 -0.350713 22
1732256719131 0.005039 23
1732256719507 0.092234 24
1732256719894 0.020927 25
1732256720280 0.138166 26
1732256720658 0.329692 27
1732256721039 0.009725 28
1732256721425 -0.182619 29
1732256721800 0.230231 30
1732256722184 -0.11907 31
1732256722562 -0.173146 32
1732256722941 0.108195 33
1732256723322 0.122369 34
1732256723693 0.130885 35
1732256724077 -0.240713 36
1732256724459 0.030332 37
1732256724833 -0.112785 38
1732256725223 0.00585 39
1732256725591 0.114267 40
1732256725958 -0.075942 41
1732256726339 0.371108 42
1732256726715 0.164537 43
1732256727091 0.155106 44
1732256727458 0.198412 45
1732256727833 -0.224717 46
1732256728230 0.105657 47
1732256728609 0.044911 48
1732256728998 0.090269 49
1732256729372 0.100161 50
1732256729752 0.153899 51
1732256730127 0.144071 52
1732256730507 -0.060672 53
1732256730911 0.037828 54
1732256731294 -0.129836 55
1732256731659 -0.061169 56
1732256732037 -0.480014 57
1732256732409 -0.05919 58
1732256732783 -0.060374 59
1732256733153 -0.184211 60
1732256733528 0.131375 61
1732256733897 -0.115956 62
1732256734287 0.028439 63
1732256734708 -0.064178 64
1732256735088 0.09161 65
1732256735457 -0.175989 66
1732256735855 0.024319 67
1732256736260 -0.000785 68
1732256736648 0.01827 69
1732256737034 -0.061928 70
1732256737416 0.167039 71
1732256737815 0.168446 72
1732256738195 -0.065597 73
1732256738596 0.070298 74
1732256738973 -0.166952 75
1732256739360 0.280487 76
1732256739756 0.103955 77
1732256740142 0.07097 78
1732256740528 -0.112977 79
1732256740905 -0.116098 80
1732256741300 -0.290067 81
1732256741683 0.047916 82
1732256742078 0.100055 83
1732256742454 0.190647 84
1732256742832 0.071908 85
1732256743224 -0.230842 86
1732256743651 0.202599 87
1732256744032 0.152471 88
1732256744410 -0.12748 89
1732256744783 0.202719 90
1732256745156 0.006311 91
1732256745538 -0.402679 92
1732256745907 0.222964 93
1732256746295 -0.021034 94
1732256746679 -0.106968 95
1732256747056 0.076547 96
1732256747425 -0.155413 97
1732256747802 -0.07664 98
1732256748173 0.241 99
1732256748550 0.184776 100
1732256748931 -0.093974 101
1732256749310 -0.084758 102
1732256749682 -0.10602 103
1732256750059 -0.138212 104
1732256750437 -0.146749 105
1732256750817 -0.050877 106
1732256751200 0.308523 107
1732256751575 0.317282 108
1732256751959 -0.116329 109
1732256752336 -0.291998 110
1732256752707 0.128134 111
1732256753083 -0.01548 112
1732256753464 -0.201635 113
1732256753839 -0.077762 114
1732256754208 0.022657 115
1732256754586 0.09336 116
1732256754965 -0.259789 117
1732256755338 -0.126386 118
1732256755705 -0.156931 119
1732256756079 -0.150121 120
1732256756442 0.082087 121
1732256756807 -0.053505 122
1732256757170 0.023285 123
1732256757535 -0.082386 124
1732256757901 0.00158 125
1732256758275 0.176932 126
1732256758638 -0.323701 127
1732256759032 0.023005 128
1732256759407 0.200853 129
1732256759772 0.185967 130
1732256760164 0.180542 131
1732256760556 -0.02552 132
1732256760938 -0.088124 133
1732256761343 -0.291309 134
1732256761751 0.222577 135
1732256762145 -0.326484 136
1732256762524 -0.214743 137
1732256762913 -0.090018 138
1732256763297 0.095196 139
1732256763663 -0.082361 140
1732256764045 0.030472 141
1732256764418 -0.154538 142
1732256764792 -0.235378 143
1732256765173 -0.000402 144
1732256765543 0.072669 145
1732256765914 0.187844 146
1732256766284 -0.114357 147
1732256766668 0.297493 148
1732256767052 -0.207079 149
1732256767418 -0.071373 150
1732256767790 -0.323259 151
1732256768162 0.033726 152
1732256768534 0.202037 153
1732256768907 0.200322 154
1732256769279 -0.022906 155
1732256769652 0.083536 156
1732256770018 0.022289 157
1732256770383 -0.367176 158
1732256770757 -0.108437 159
1732256771134 0.055496 160
1732256771519 -0.010661 161
1732256771885 0.052285 162
1732256772249 -0.022339 163
1732256772618 0.201942 164
1732256772985 -0.037786 165
1732256773353 -0.054904 166
1732256773717 0.098582 167
1732256774081 0.026499 168
1732256774447 0.010586 169
1732256774820 -0.157788 170
1732256775187 0.080069 171
1732256775554 0.180172 172
1732256775920 -0.026533 173
1732256776288 -0.08447 174
1732256776658 -0.10306 175
1732256777036 0.125127 176
1732256777411 -0.220206 177
1732256777782 0.221034 178
1732256778150 -0.11845 179
1732256778523 -0.397665 180
1732256778891 -0.022564 181
1732256779258 -0.068931 182
1732256779626 -0.310217 183
1732256779998 0.048858 184
1732256780370 -0.090446 185
1732256780735 0.191964 186
1732256781102 -0.241785 187
1732256781472 0.032922 188
1732256781834 0.143569 189
1732256782205 0.276728 190
1732256782573 0.107589 191
1732256782937 0.184948 192
1732256783306 -0.144173 193
1732256783684 -0.083344 194
1732256784056 0.097408 195
1732256784421 -0.195824 196
1732256784789 -0.064834 197
1732256785163 -0.032594 198
1732256785527 -0.147854 199
1732256785895 -0.068317 200
1732256786258 -0.002589 201
1732256786622 0.031393 202
1732256786991 -0.17893 203
1732256787357 -0.139747 204
1732256787723 -0.225174 205
1732256788089 -0.074281 206
1732256788451 -0.007227 207
1732256788814 -0.0908 208
1732256789180 -0.064453 209
1732256789543 -0.103699 210
1732256789917 -0.181288 211
1732256790282 -0.035394 212
1732256790644 -0.409493 213
1732256791019 -0.043466 214
1732256791388 0.195586 215
1732256791755 -0.183832 216
1732256792122 0.2519 217
1732256792485 -0.055844 218
1732256792857 0.277436 219
1732256793222 -0.123494 220
1732256793582 -0.073478 221
1732256793962 0.165714 222
1732256794330 0.15648 223
1732256794694 0.174114 224
1732256795064 -0.016803 225
1732256795435 -0.375603 226
1732256795809 -0.04379 227
1732256796176 -0.185953 228
1732256796550 -0.288312 229
1732256796918 -0.082709 230
1732256797281 -0.097289 231
1732256797647 -0.043343 232
1732256798013 0.304748 233
1732256798384 -0.055939 234
1732256798751 0.154966 235
1732256799118 0.201306 236
1732256799490 -0.066071 237
1732256799855 -0.257493 238
1732256800240 0.064917 239
1732256800620 -0.02097 240
1732256800995 0.295987 241
1732256801370 -0.047412 242
1732256801738 -0.17756 243
1732256802132 -0.303372 244
1732256802509 -0.099361 245
1732256802882 0.005427 246
1732256803258 0.131569 247
1732256803630 -0.231107 248
1732256804015 -0.226244 249
1732256804390 -0.156891 250
1732256804761 -0.22227 251
1732256805135 -0.123347 252
1732256805515 -0.127917 253
1732256805894 -0.204411 254
1732256806261 -0.094686 255
1732256806634 -0.307805 256
1732256807009 -0.009364 257
1732256807379 -0.07442 258
1732256807749 0.047685 259
1732256808122 -0.221634 260
1732256808499 0.0103 261
1732256808878 -0.076745 262
1732256809247 -0.183064 263
1732256809620 -0.323117 264
1732256809987 -0.38424 265
1732256810360 -0.164798 266
1732256810734 -0.020425 267
1732256811120 -0.175549 268
1732256811498 0.008273 269
1732256811870 0.204955 270
1732256812244 -0.381858 271
1732256812612 -0.151014 272
1732256812983 0.063773 273
1732256813358 0.042061 274
1732256813746 0.173746 275
1732256814133 -0.522804 276
1732256814504 0.057197 277
1732256814873 -0.025094 278
1732256815246 0.091566 279
1732256815620 -0.106076 280
1732256815998 0.255229 281
1732256816368 0.008164 282
1732256816735 -0.006813 283
1732256817109 -0.265636 284
1732256817496 0.103472 285
1732256817882 -0.05662 286
1732256818268 0.039741 287
1732256818640 0.125687 288
1732256819005 -0.116472 289
1732256819386 -0.400281 290
1732256819767 -0.113101 291
1732256820138 -0.491078 292
1732256820502 -0.05688 293
1732256820871 -0.105416 294
1732256821234 0.252247 295
1732256821607 -0.013666 296
1732256821987 -0.197438 297
1732256822369 0.270015 298
1732256822743 -0.168508 299
1732256823118 -0.13128 300
1732256823487 -0.04868 301
1732256823854 0.063042 302
1732256824226 0.022032 303
1732256824588 0.034453 304
1732256824961 -0.086965 305
1732256825349 -0.059391 306
1732256825716 -0.38093 307
1732256826090 0.007331 308
1732256826466 -0.268066 309
1732256826845 -0.086064 310
1732256827218 0.118242 311
1732256827589 -0.135544 312
1732256827955 -0.05084 313
1732256828328 0.05237 314
1732256828702 0.156857 315
1732256829086 -0.058844 316
1732256829457 0.188876 317
1732256829832 -0.039527 318
1732256830201 -0.130647 319
1732256830596 -0.235409 320
1732256830978 0.093914 321
1732256831356 0.110979 322
1732256831721 0.152099 323
1732256832084 -0.082085 324
1732256832457 0.067845 325
1732256832821 -0.097439 326
1732256833195 -0.098702 327
1732256833679 0.209813 328
1732256834168 -0.398193 329
1732256834700 -0.275473 330
1732256835188 -0.167511 331
1732256835707 0.327288 332
1732256836224 -0.279773 333
1732256836755 -0.068771 334
1732256837241 -0.151886 335
1732256837737 0.039367 336
1732256838232 0.133046 337
1732256838696 0.042422 338
1732256839139 -0.08203 339
1732256839536 0.024773 340
1732256839913 0.048131 341
1732256840313 -0.15549 342
1732256840697 -0.092406 343
1732256841069 -0.164633 344
1732256841446 0.313361 345
1732256841818 0.066176 346
1732256842196 0.144567 347
1732256842579 0.052344 348
1732256842971 0.008828 349
1732256843363 -0.116599 350
1732256843735 -0.015142 351
1732256844121 0.1547 352
1732256844501 -0.139329 353
1732256844893 0.233232 354
1732256845268 0.161628 355
1732256845654 0.262616 356
1732256846040 0.388257 357
1732256846429 -0.016221 358
1732256846814 -0.093548 359
1732256847279 -0.341775 360
1732256847766 0.080346 361
1732256848268 -0.046656 362
1732256848782 -0.114812 363
1732256849305 0.257925 364
1732256849759 -0.220844 365
1732256850268 0.025973 366
1732256850798 -0.132881 367
1732256851307 -0.008402 368
1732256851827 0.191495 369
1732256852378 0.046413 370
1732256852882 -0.040212 371
1732256853424 0.272845 372
1732256853931 0.093667 373
1732256854440 0.200778 374
1732256854968 0.283248 375
1732256855446 -0.072477 376
1732256855887 -0.198155 377
1732256856311 -0.001299 378
1732256856689 -0.127674 379
1732256857071 0.024418 380
1732256857465 -0.176749 381
1732256857838 -0.130251 382
1732256858209 -0.057233 383
1732256858571 -0.147211 384
1732256858933 0.185959 385
1732256859303 -0.049611 386
1732256859667 0.027162 387
1732256860038 -0.142685 388
1732256860431 -0.296442 389
1732256860798 -0.147018 390
1732256861166 0.047276 391
1732256861532 0.111372 392
1732256861897 -0.091933 393
1732256862260 0.061824 394
1732256862630 -0.242217 395
1732256862996 -0.201345 396
1732256863368 0.188355 397
1732256863754 -0.075182 398
1732256864142 0.037546 399
1732256864519 -0.206342 400
1732256864907 0.038305 401
1732256865288 0.181927 402
1732256865699 0.075477 403
1732256866080 -0.289007 404
1732256866478 -0.003961 405
1732256866915 -0.121997 406
1732256867312 -0.256161 407
1732256867699 0.001786 408
1732256868068 -0.014488 409
1732256868443 -0.267095 410
1732256868809 -0.300032 411
1732256869203 -0.016212 412
1732256869578 0.159905 413
1732256869953 0.196777 414
1732256870328 -0.106107 415
1732256870707 0.335198 416
1732256871074 -0.083528 417
1732256871447 -0.006462 418
1732256871824 -0.13453 419
1732256872192 0.203317 420
1732256872569 -0.040325 421
1732256872954 0.22831 422
1732256873336 0.0572 423
1732256873728 0.125361 424
1732256874119 -0.080916 425
1732256874495 0.029038 426
1732256874876 0.044961 427
1732256875250 0.117281 428
1732256875633 0.114398 429
1732256876015 0.11363 430
1732256876393 -0.106753 431
1732256876763 -0.041571 432
1732256877147 0.028782 433
1732256877565 -0.03247 434
1732256877963 -0.045122 435
1732256878364 -0.015565 436
1732256878759 -0.069181 437
1732256879160 -0.169062 438
1732256879565 -0.246078 439
1732256879971 0.06974 440
1732256880384 -0.083586 441
1732256880818 0.184781 442
1732256881227 -0.111761 443
1732256881620 -0.103675 444
1732256882048 -0.340423 445
1732256882430 0.180696 446
1732256882828 0.130438 447
1732256883210 0.079105 448
1732256883614 0.099925 449
1732256884011 0.107898 450
1732256884412 -0.097622 451
1732256884808 0.031618 452
1732256885240 -0.153205 453
1732256885660 0.274012 454
1732256886043 0.194298 455
1732256886472 -0.014612 456
1732256886885 -0.117212 457
1732256887286 -0.276024 458
1732256887677 -0.079535 459
1732256888066 -0.408539 460
1732256888451 -0.051976 461
1732256888835 -0.100752 462
1732256889236 0.046817 463
1732256889615 0.104489 464
1732256890005 0.353797 465
1732256890397 -0.051136 466
1732256890788 -0.023803 467
1732256891159 -0.338856 468
1732256891537 0.119903 469
1732256891919 -0.077526 470
1732256892296 0.073268 471
1732256892667 -0.167334 472
1732256893042 -0.159339 473
1732256893407 -0.028722 474
1732256893785 0.110526 475
1732256894175 -0.014757 476
1732256894557 0.328994 477
1732256894919 -0.04659 478
1732256895287 -0.034543 479
1732256895668 0.328942 480
1732256896046 -0.31371 481
1732256896421 0.067995 482
1732256896794 -0.120365 483
1732256897182 -0.317808 484
1732256897554 -0.029431 485
1732256897929 0.278683 486
1732256898338 0.027246 487
1732256898722 0.142166 488
1732256899103 0.049427 489
1732256899496 -0.045316 490
1732256899964 -0.078634 491
1732256900340 0.341803 492
1732256900743 0.230139 493
1732256901136 0.127095 494
1732256901507 -0.002579 495
1732256901884 -0.059016 496
1732256902247 0.038009 497
1732256902627 0.020469 498
1732256903012 0.066578 499
1732256903398 0.095841 500
1732256903799 0.054194 501
1732256904209 0.001641 502
1732256904595 -0.119639 503
1732256905028 -0.192483 504
1732256905423 -0.29005 505
1732256905840 -0.099415 506
1732256906232 -0.062129 507
1732256906623 -0.134276 508
1732256906992 0.067666 509
1732256907359 0.019164 510
1732256907741 -0.203062 511
1732256908116 0.060422 512
1732256908492 -0.04508 513
1732256908880 -0.16699 514
1732256909252 0.261323 515
1732256909623 0.217355 516
1732256909999 0.038683 517
1732256910391 -0.010137 518
1732256910774 -0.112338 519
1732256911180 -0.248595 520
1732256911548 0.285424 521
1732256911917 -0.051066 522
1732256912294 -0.055643 523
1732256912679 -0.148394 524
1732256913061 -0.083781 525
1732256913438 0.030124 526
1732256913809 -0.068534 527
1732256914179 0.068912 528
1732256914551 0.018767 529
1732256914923 -0.087585 530
1732256915298 0.067651 531
1732256915667 0.100874 532
1732256916033 0.25334 533
1732256916405 0.292423 534
1732256916790 -0.125144 535
1732256917172 -0.036108 536
1732256917572 0.094265 537
1732256917965 -0.102146 538
1732256918369 0.030258 539
1732256918764 -0.032765 540
1732256919156 0.06567 541
1732256919544 0.164845 542
1732256919923 0.192282 543
1732256920304 -0.197835 544
1732256920692 0.362681 545
1732256921073 -0.521234 546
1732256921452 -0.058456 547
1732256921834 0.132388 548
1732256922240 -0.148716 549
1732256922621 0.225252 550
1732256922994 -0.056239 551
1732256923404 0.075547 552
1732256923813 0.228851 553
1732256924213 0.042338 554
1732256924591 0.092287 555
1732256924966 -0.041513 556
1732256925348 0.133134 557
1732256925721 -0.202803 558
1732256926086 -0.001196 559
1732256926486 -0.182926 560
1732256926849 -0.054188 561
1732256927237 -0.009083 562
1732256927628 -0.076867 563
1732256928008 -0.098933 564
1732256928380 -0.062863 565
1732256928764 -0.004247 566
1732256929151 -0.019886 567
1732256929547 -0.187526 568
1732256929919 0.204216 569
1732256930302 0.02251 570
1732256930680 0.086274 571
1732256931044 0.094379 572
1732256931415 0.096325 573
1732256931796 -0.245856 574
1732256932197 0.031193 575
1732256932584 -0.08599 576
1732256932955 0.062335 577
1732256933333 -0.209846 578
1732256933708 0.240859 579
1732256934074 -0.27388 580
1732256934448 -0.192506 581
1732256934814 0.111187 582
1732256935188 -0.183048 583
1732256935575 -0.112652 584
1732256935957 -0.195696 585
1732256936335 0.053895 586
1732256936727 -0.172951 587
1732256937124 0.00976 588
1732256937512 0.185638 589
1732256937912 -0.206322 590
1732256938284 0.096376 591
1732256938674 -0.336453 592
1732256939063 -0.012216 593
1732256939473 -0.142154 594
1732256939875 -0.229944 595
1732256940263 -0.095558 596
1732256940652 -0.042788 597
1732256941052 -0.294778 598
1732256941431 -0.188501 599
1732256941808 -0.122891 600
1732256942193 0.097076 601
1732256942590 0.0867 602
1732256942972 -0.123983 603
1732256943345 0.035717 604
1732256943727 -0.159339 605
1732256944110 0.156488 606
1732256944482 -0.137794 607
1732256944854 0.221498 608
1732256945246 0.201735 609
1732256945620 -0.051677 610
1732256945992 0.030442 611
1732256946384 0.247171 612
1732256946774 -0.244217 613
1732256947142 -0.073983 614
1732256947523 -0.027016 615
1732256947917 0.413977 616
1732256948315 -0.033633 617
1732256948685 0.007007 618
1732256949047 -0.09313 619
1732256949413 -0.309288 620
1732256949801 0.134111 621
1732256950170 0.194594 622
1732256950562 -0.007165 623
1732256950931 -0.139592 624
1732256951314 0.054418 625
1732256951683 -0.307916 626
1732256952062 0.04188 627
1732256952437 0.204375 628
1732256952820 0.212007 629
1732256953196 -0.138722 630
1732256953562 -0.041374 631
1732256953939 -0.087405 632
1732256954309 -0.093971 633
1732256954681 0.061697 634
1732256955056 -0.049868 635
1732256955427 -0.145304 636
1732256955796 -0.062454 637
1732256956163 0.279999 638
1732256956524 0.01667 639
1732256956905 -0.051894 640
1732256957266 -0.206262 641
1732256957636 -0.179326 642
1732256958013 -0.07018 643
1732256958384 0.053331 644
1732256958752 -0.33483 645
1732256959133 0.07198 646
1732256959506 0.21637 647
1732256959869 -0.136408 648
1732256960241 -0.077819 649
1732256960613 0.186551 650
1732256961002 0.114486 651
1732256961377 0.280313 652
1732256961738 -0.093364 653
1732256962091 -0.147021 654
1732256962466 -0.047168 655
1732256962843 -0.049882 656
1732256963221 -0.070221 657
1732256963592 -0.154189 658
1732256963958 0.122014 659
1732256964340 -0.182737 660
1732256964711 -0.234461 661
1732256965081 0.076679 662
1732256965464 -0.016957 663
1732256965824 0.266446 664
1732256966187 -0.075916 665
1732256966552 0.112901 666
1732256966912 0.121732 667
1732256967281 0.122757 668
1732256967650 -0.005295 669
1732256968011 0.207757 670
1732256968379 -0.085016 671
1732256968759 0.132725 672
1732256969141 0.012146 673
1732256969521 -0.322516 674
1732256969902 -0.268219 675
1732256970263 -0.070412 676
1732256970633 0.300977 677
1732256971017 0.046357 678
1732256971394 -0.047193 679
1732256971765 -0.142048 680
1732256972132 0.303706 681
1732256972494 0.034344 682
1732256972860 -0.019979 683
1732256973222 0.084399 684
1732256973595 -0.077017 685
1732256973963 0.231205 686
1732256974326 0.04543 687
1732256974702 0.05995 688
1732256975075 -0.010776 689
1732256975444 -0.392655 690
1732256975820 -0.022794 691
1732256976183 0.017266 692
1732256976552 -0.080682 693
1732256976942 -0.121809 694
1732256977315 0.012534 695
1732256977693 0.022388 696
1732256978056 0.058461 697
1732256978423 0.064113 698
1732256978783 0.104075 699
1732256979139 0.157035 700
1732256979522 -0.07741 701
1732256979885 0.035282 702
1732256980257 0.029316 703
1732256980631 0.003581 704
1732256981001 -0.322753 705
1732256981371 0.037763 706
1732256981737 -0.013137 707
1732256982117 0.064823 708
1732256982487 0.007005 709
1732256982855 0.025135 710
1732256983224 0.082713 711
1732256983609 -0.035533 712
1732256983973 -0.116197 713
1732256984352 -0.057953 714
1732256984717 0.033963 715
1732256985083 -0.043777 716
1732256985452 -0.16612 717
1732256985816 -0.160732 718
1732256986187 -0.135398 719
1732256986561 0.039758 720
1732256986947 -0.096724 721
1732256987320 -0.054059 722
1732256987686 0.008673 723
1732256988051 0.027679 724
1732256988421 -0.071356 725
1732256988793 0.131677 726
1732256989158 -0.130118 727
1732256989528 -0.071702 728
1732256989900 -0.182826 729
1732256990268 -0.058489 730
1732256990637 0.045622 731
1732256991006 -0.214162 732
1732256991377 -0.00155 733
1732256991745 -0.510576 734
1732256992117 -0.144657 735
1732256992487 0.070678 736
1732256992856 0.090657 737
1732256993231 0.001155 738
1732256993618 0.022185 739
1732256993983 0.130978 740
1732256994384 0.009347 741
1732256994758 -0.184044 742
1732256995144 0.069235 743
1732256995527 -0.08531 744
1732256995915 -0.197367 745
1732256996288 -0.062089 746
1732256996661 0.296402 747
1732256997030 -0.344679 748
1732256997402 0.026045 749
1732256997775 -0.025731 750
1732256998143 0.03558 751
1732256998513 0.0941 752
1732256998877 0.027514 753
1732256999242 -0.058562 754
1732256999615 -0.040675 755
1732256999988 -0.050385 756
1732257000361 0.102674 757
1732257000732 0.045378 758
1732257001099 -0.015243 759
1732257001470 -0.016954 760
1732257001840 -0.117709 761
1732257002208 0.027363 762
1732257002587 -0.016621 763
1732257002953 0.216497 764
1732257003317 0.324105 765
1732257003692 0.243505 766
1732257004060 -0.095791 767
1732257004433 0.041706 768
1732257004797 0.02214 769
1732257005166 -0.117719 770
1732257005539 0.083968 771
1732257005914 -0.177423 772
1732257006287 0.132857 773
1732257006663 -0.010162 774
1732257007026 0.04843 775
1732257007396 0.121833 776
1732257007761 -0.138991 777
1732257008125 0.18505 778
1732257008496 0.094177 779
1732257008875 0.227248 780
1732257009239 -0.123397 781
1732257009608 0.085177 782
1732257009986 -0.180781 783
1732257010360 -0.092503 784
1732257010729 -0.029293 785
1732257011106 0.015854 786
1732257011473 -0.054572 787
1732257011848 0.004961 788
1732257012223 -0.119941 789
1732257012595 0.078193 790
1732257012960 0.130021 791
1732257013336 0.02486 792
1732257013696 -0.443698 793
1732257014073 0.193239 794
1732257014443 -0.134243 795
1732257014813 0.107715 796
1732257015192 -0.143231 797
1732257015561 -0.19518 798
1732257015924 0.290204 799
1732257016296 0.133071 800
1732257016665 0.125487 801
1732257017026 -0.059348 802
1732257017387 -0.135239 803
1732257017752 0.00162 804
1732257018132 0.205923 805
1732257018511 -0.306219 806
1732257018891 -0.036766 807
1732257019265 -0.363158 808
1732257019631 -0.167647 809
1732257020001 0.081625 810
1732257020381 -0.312772 811
1732257020769 -0.097996 812
1732257021141 -0.089087 813
1732257021506 0.127114 814
1732257021865 -0.323631 815
1732257022246 -0.20423 816
1732257022614 0.258783 817
1732257022981 -0.112809 818
1732257023347 -0.172278 819
1732257023720 0.106041 820
1732257024093 -0.183693 821
1732257024469 -0.442946 822
1732257024840 0.194256 823
1732257025208 0.283058 824
1732257025574 -0.03383 825
1732257025941 -0.242155 826
1732257026318 -0.035056 827
1732257026681 0.017215 828
1732257027045 -0.010327 829
1732257027413 -0.209958 830
1732257027785 -0.158279 831
1732257028156 -0.009711 832
1732257028516 -0.056241 833
1732257028880 -0.219408 834
1732257029239 -0.15057 835
1732257029606 0.105824 836
1732257029971 -0.107152 837
1732257030338 0.07514 838
1732257030702 -0.044053 839
1732257031076 -0.073993 840
1732257031443 -0.005908 841
1732257031807 0.080527 842
1732257032166 0.043576 843
1732257032528 0.229555 844
1732257032911 -0.111264 845
1732257033281 0.016364 846
1732257033647 0.150053 847
1732257034009 -0.022778 848
1732257034373 0.09002 849
1732257034751 0.015399 850
1732257035114 -0.101378 851
1732257035473 0.255628 852
1732257035837 -0.014265 853
1732257036203 -0.042142 854
1732257036576 0.129906 855
1732257036943 -0.272601 856
1732257037319 0.054889 857
1732257037694 0.079267 858
1732257038065 -0.110909 859
1732257038437 0.235924 860
1732257038803 -0.007432 861
1732257039174 -0.052936 862
1732257039536 0.066104 863
1732257039903 0.014179 864
1732257040283 0.05138 865
1732257040659 -0.24304 866
1732257041029 0.113454 867
1732257041396 -0.018376 868
1732257041759 -0.116567 869
1732257042136 -0.01457 870
1732257042511 -0.00102 871
1732257042878 0.011161 872
1732257043247 -0.069327 873
1732257043617 0.242906 874
1732257043991 -0.194569 875
1732257044377 0.271583 876
1732257044747 -0.36512 877
1732257045120 -0.094513 878
1732257045493 -0.060245 879
1732257045866 -0.059549 880
1732257046228 0.109597 881
1732257046595 -0.042213 882
1732257046955 -0.102595 883
1732257047324 0.090745 884
1732257047702 0.376947 885
1732257048072 0.090842 886
1732257048449 0.242471 887
1732257048829 0.083485 888
1732257049212 0.226412 889
1732257049583 0.092173 890
1732257049955 0.249364 891
1732257050334 0.084781 892
1732257050708 -0.047216 893
1732257051104 0.019385 894
1732257051573 0.299311 895
1732257052025 -0.114595 896
1732257052509 -0.091889 897
1732257052983 0.149371 898
1732257053429 -0.109283 899
1732257053870 -0.072228 900
1732257054340 0.242762 901
1732257054796 0.007142 902
1732257055242 -0.164622 903
1732257055715 0.221244 904
1732257056180 0.151561 905
1732257056630 -0.023317 906
1732257057135 0.130597 907
1732257057651 0.099196 908
1732257058178 0.262546 909
1732257058622 -0.052467 910
1732257059096 -0.034159 911
1732257059597 -0.218144 912
1732257060106 0.197962 913
1732257060566 -0.205137 914
1732257061032 -0.013365 915
1732257061472 0.024894 916
1732257061953 -0.351102 917
1732257062436 -0.318082 918
1732257062937 0.191626 919
1732257063396 -0.214034 920
1732257063840 -0.296751 921
1732257064315 -0.081761 922
1732257064794 -0.083199 923
1732257065248 -0.052299 924
1732257065745 -0.078455 925
1732257066221 -0.221151 926
1732257066678 0.303133 927
1732257067172 -0.182587 928
1732257067606 -0.251798 929
1732257068042 -0.026642 930
1732257068521 0.170294 931
1732257068978 -0.165295 932
1732257069419 -0.431815 933
1732257069898 0.015166 934
1732257070378 0.041054 935
1732257070828 -0.482093 936
1732257071251 0.069358 937
1732257071733 -0.066273 938
1732257072200 0.01403 939
1732257072574 -0.280531 940
1732257072941 0.014513 941
1732257073316 -0.045632 942
1732257073690 0.022515 943
1732257074056 -0.202829 944
1732257074430 -0.03777 945
1732257074804 -0.096355 946
1732257075178 -0.069281 947
1732257075554 -0.133353 948
1732257075940 0.101814 949
1732257076306 -0.168139 950
1732257076681 0.512104 951
1732257077051 -0.588735 952
1732257077410 -0.316998 953
1732257077785 0.02442 954
1732257078152 -0.040364 955
1732257078521 0.025478 956
1732257078890 -0.070125 957
1732257079263 0.031001 958
1732257079627 0.026103 959
1732257080010 -0.080006 960
1732257080381 0.133167 961
1732257080756 0.427177 962
1732257081134 -0.471042 963
1732257081503 -0.003783 964
1732257081876 0.154925 965
1732257082244 0.203338 966
1732257082635 0.035324 967
1732257083014 -0.010122 968
1732257083385 -0.126393 969
1732257083753 -0.030726 970
1732257084123 -0.109533 971
1732257084502 -0.122461 972
1732257084884 -0.084633 973
1732257085254 -0.216767 974
1732257085622 -0.196296 975
1732257086000 0.052458 976
1732257086378 0.290152 977
1732257086759 -0.101319 978
1732257087123 -0.023918 979
1732257087492 -0.021218 980
1732257087857 -0.24416 981
1732257088221 -0.237493 982
1732257088594 -0.763576 983
1732257088965 -0.414065 984
1732257089334 -0.111363 985
1732257089699 -0.194262 986
1732257090070 0.132195 987
1732257090444 -0.012895 988
1732257090810 0.027496 989
1732257091183 0.166608 990
1732257091552 0.05213 991
1732257091919 0.427049 992
1732257092293 -0.1208 993
1732257092663 -0.001187 994
1732257093037 0.261172 995
1732257093403 0.038194 996
1732257093776 0.234951 997
1732257094151 0.165259 998
1732257094543 -0.029095 999
