1731320090299 -0.660379 0
1731320091049 -0.881612 1
1731320091578 -0.278138 2
1731320092096 -0.121528 3
1731320092643 -0.09833 4
1731320093162 -0.054602 5
1731320093711 -0.658681 6
1731320094160 -0.158529 7
1731320094610 -0.43917 8
1731320095132 -0.462233 9
1731320095545 0.034783 10
1731320095976 0.081689 11
1731320096552 0.076473 12
1731320097127 -0.705047 13
1731320097677 -0.107412 14
1731320098173 -0.318139 15
1731320098653 -0.430351 16
1731320099091 0.1583 17
1731320099551 0.151404 18
1731320099991 0.183612 19
1731320100457 -0.908575 20
1731320100898 -0.003852 21
1731320101331 -0.242938 22
1731320101799 0.27127 23
1731320102238 0.037068 24
1731320102671 -0.119829 25
1731320103137 -0.324515 26
1731320103579 -0.12041 27
1731320104016 -0.008341 28
1731320104462 -0.74569 29
1731320104887 -0.76796 30
1731320105318 -0.459146 31
1731320105762 -0.102642 32
1731320106173 -0.342395 33
1731320106638 -0.094146 34
1731320107096 -0.230432 35
1731320107550 0.061315 36
1731320107984 -0.048318 37
1731320108420 -0.772196 38
1731320108852 -0.375128 39
1731320109273 -0.163824 40
1731320109745 -0.192748 41
1731320110182 -0.365804 42
1731320110621 -0.182144 43
1731320111034 0.139778 44
1731320111443 -0.225627 45
1731320111855 -0.739898 46
1731320112226 -0.183062 47
1731320112630 -0.81796 48
1731320113014 -0.500025 49
1731320113423 -0.219429 50
1731320113827 -0.86091 51
1731320114238 -0.430137 52
1731320114654 -0.455895 53
1731320115109 -0.247234 54
1731320115553 -0.957196 55
1731320115954 0.03657 56
1731320116358 -0.073945 57
1731320116766 -0.245676 58
1731320117179 -0.967019 59
1731320117639 -0.111473 60
1731320118020 -0.550719 61
1731320118427 -0.709334 62
1731320118829 0.041862 63
1731320119220 -0.134033 64
1731320119668 -0.547542 65
1731320120059 -0.270574 66
1731320120511 -0.608412 67
1731320120960 -0.452229 68
1731320121349 -0.003711 69
1731320121760 -0.474236 70
1731320122179 -0.278797 71
1731320122576 -0.217525 72
1731320122994 -0.428938 73
1731320123384 -0.37058 74
1731320123801 -0.300091 75
1731320124222 -0.726625 76
1731320124647 -0.11553 77
1731320125069 -0.346756 78
1731320125505 -0.844496 79
1731320125984 -0.513573 80
1731320126389 -0.034575 81
1731320126810 -0.290609 82
1731320127257 -0.43161 83
1731320127676 -0.605883 84
1731320128083 -0.081125 85
1731320128573 0.127426 86
1731320129008 -0.245909 87
1731320129444 0.077985 88
1731320129881 -0.345384 89
1731320130307 -0.292536 90
1731320130779 -0.002171 91
1731320131142 -0.368954 92
1731320131511 -0.94441 93
1731320131899 -0.83146 94
1731320132282 -0.781612 95
1731320132684 -0.750845 96
1731320133087 0.165621 97
1731320133505 -1.129621 98
1731320133932 -0.593334 99
1731320134375 -0.080389 100
1731320134808 -0.020902 101
1731320135237 -0.785834 102
1731320135693 -0.310021 103
1731320136106 0.032607 104
1731320136556 -0.695653 105
1731320136970 -0.113078 106
1731320137377 0.042269 107
1731320137799 0.196894 108
1731320138210 -0.134967 109
1731320138624 -0.097941 110
1731320139050 -0.423825 111
1731320139481 0.09532 112
1731320139916 -0.043565 113
1731320140327 -0.196143 114
1731320140744 -0.771892 115
1731320141127 -0.057732 116
1731320141521 -0.853899 117
1731320141920 -0.384427 118
1731320142328 -0.217303 119
1731320142720 -0.705383 120
1731320143138 -1.008678 121
1731320143535 0.051498 122
1731320143939 -0.116788 123
1731320144343 0.262416 124
1731320144741 -0.755571 125
1731320145139 -0.170815 126
1731320145552 -0.057997 127
1731320145956 -0.162731 128
1731320146372 -0.651202 129
1731320146811 -0.270856 130
1731320147211 -0.236561 131
1731320147626 0.134601 132
1731320148014 -0.146601 133
1731320148416 0.021601 134
1731320148849 -0.959739 135
1731320149342 -1.512351 136
1731320149797 0.19168 137
1731320150234 -0.06118 138
1731320150639 -0.171095 139
1731320151041 -0.204005 140
1731320151435 0.128894 141
1731320151849 -0.783159 142
1731320152237 0.107992 143
1731320152608 -0.484234 144
1731320152990 -0.511692 145
1731320153397 0.094737 146
1731320153817 0.134341 147
1731320154224 -0.124627 148
1731320154611 -0.059156 149
1731320154991 -0.429641 150
1731320155412 -0.871358 151
1731320155784 0.17402 152
1731320156181 0.102256 153
1731320156558 -0.3232 154
1731320156980 0.15424 155
1731320157389 -0.965826 156
1731320157825 -0.135094 157
1731320158221 -0.111807 158
1731320158589 -0.154862 159
1731320159020 0.118625 160
1731320159434 -0.885929 161
1731320159832 -0.90916 162
1731320160269 -1.044124 163
1731320160719 -0.060475 164
1731320161145 -0.018178 165
1731320161560 0.109145 166
1731320161964 -0.051711 167
1731320162417 0.094268 168
1731320162823 0.136185 169
1731320163220 -0.747195 170
1731320163620 0.141453 171
1731320164014 -0.001186 172
1731320164426 -0.19887 173
1731320164826 0.03719 174
1731320165198 -0.14933 175
1731320165580 0.054807 176
1731320165978 -0.129924 177
1731320166343 -0.151669 178
1731320166734 -0.021704 179
1731320167169 0.018287 180
1731320167587 -0.09716 181
1731320167990 0.096183 182
1731320168377 0.028711 183
1731320168752 0.383338 184
1731320169151 0.134275 185
1731320169595 -0.631339 186
1731320170009 0.149957 187
1731320170448 -0.840472 188
1731320170863 0.030844 189
1731320171291 0.248006 190
1731320171709 -0.647036 191
1731320172124 -0.024987 192
1731320172545 0.067106 193
1731320172978 0.044146 194
1731320173409 -0.184242 195
1731320173830 -0.618942 196
1731320174260 -0.053191 197
1731320174676 0.212416 198
1731320175100 -0.080397 199
1731320175552 -0.335316 200
1731320175989 -0.881037 201
1731320176452 0.003383 202
1731320176893 -0.040604 203
1731320177330 -0.787518 204
1731320177772 0.005431 205
1731320178201 0.082272 206
1731320178645 -0.687541 207
1731320179129 -0.555473 208
1731320179560 -0.298616 209
1731320179982 -0.005254 210
1731320180418 0.142365 211
1731320180828 -0.814433 212
1731320181255 -0.788615 213
1731320181678 -0.859665 214
1731320182125 -0.54947 215
1731320182554 -0.173591 216
1731320183012 0.102669 217
1731320183452 0.037807 218
1731320183945 -0.54016 219
1731320184356 -0.356229 220
1731320184806 -0.13291 221
1731320185308 -0.004859 222
1731320185802 -0.011571 223
1731320186235 0.076853 224
1731320186655 -0.779022 225
1731320187075 0.111266 226
1731320187491 -0.573922 227
1731320187891 -0.655148 228
1731320188324 -0.286474 229
1731320188729 -1.133431 230
1731320189134 -0.038491 231
1731320189513 0.241702 232
1731320189953 -1.033781 233
1731320190377 -0.237049 234
1731320190775 -0.805387 235
1731320191182 -0.331735 236
1731320191554 0.056168 237
1731320191966 -0.13398 238
1731320192509 -0.144948 239
1731320192875 -0.052729 240
1731320193242 -0.120099 241
1731320193612 -0.773982 242
1731320193976 -0.045325 243
1731320194328 -0.017839 244
1731320194677 -0.639794 245
1731320195026 -0.089797 246
