1732179857508 0.145274 0
1732179858009 -0.05472 1
1732179858410 0.658441 2
1732179858790 0.176146 3
1732179859205 0.174363 4
1732179859595 0.532404 5
1732179859983 0.140628 6
1732179860367 0.641304 7
1732179860776 0.309578 8
1732179861157 0.777509 9
1732179861566 0.200345 10
1732179861954 0.783627 11
1732179862350 0.251019 12
1732179862734 0.799805 13
1732179863110 0.27026 14
1732179863484 0.426169 15
1732179863862 -0.0636 16
1732179864236 0.212405 17
1732179864632 0.359985 18
1732179865013 0.094557 19
1732179865406 0.453451 20
1732179865783 0.317175 21
1732179866163 0.176146 22
1732179866538 0.149344 23
1732179866923 0.147725 24
1732179867310 0.709124 25
1732179867702 0.517845 26
1732179868088 0.132198 27
1732179868473 0.296101 28
1732179868853 -0.179492 29
1732179869234 -0.06795 30
1732179869610 -0.132391 31
1732179869984 0.114846 32
1732179870378 0.622013 33
1732179870756 -0.0636 34
1732179871140 0.42841 35
1732179871527 -0.099047 36
1732179871904 0.508275 37
1732179872273 0.008074 38
1732179872650 0.422587 39
1732179873027 0.402043 40
1732179873413 0.404466 41
1732179873804 0.763473 42
1732179874182 -0.20242 43
1732179874581 0.255747 44
1732179874962 0.123328 45
1732179875347 0.693476 46
1732179875726 -0.211466 47
1732179876116 -0.010578 48
1732179876517 0.238884 49
1732179876899 0.359985 50
1732179877291 -0.058111 51
1732179877703 0.744109 52
1732179878086 0.190926 53
1732179878472 0.393821 54
1732179878872 0.658537 55
1732179879275 -0.099047 56
1732179879688 -0.100969 57
