1732179857307 0.11353 0
1732179857872 0.000832 1
1732179858257 0.215754 2
1732179858648 0.149213 3
1732179859040 0.812364 4
1732179859440 -0.13115 5
1732179859844 0.041766 6
1732179860219 0.525872 7
1732179860639 0.057721 8
1732179861013 0.583908 9
1732179861409 0.088171 10
1732179861802 0.258019 11
1732179862197 0.072754 12
1732179862587 0.206289 13
1732179862973 0.370095 14
1732179863343 0.296346 15
1732179863720 0.172442 16
1732179864097 0.780447 17
1732179864483 0.643155 18
1732179864872 0.074622 19
1732179865257 0.013996 20
1732179865638 0.712216 21
1732179866026 0.945534 22
1732179866397 -0.082784 23
1732179866776 0.620709 24
1732179867157 0.631119 25
1732179867560 0.090822 26
1732179867942 0.670349 27
1732179868333 0.761149 28
1732179868711 0.132959 29
1732179869093 0.582935 30
1732179869464 0.634795 31
1732179869847 -0.135891 32
1732179870235 0.253742 33
1732179870616 0.167248 34
1732179870991 0.19324 35
1732179871384 -0.061333 36
1732179871765 0.339898 37
1732179872135 0.105673 38
1732179872507 0.529064 39
1732179872888 0.265698 40
1732179873269 1.015121 41
1732179873663 0.195943 42
1732179874042 0.286415 43
1732179874418 0.45972 44
1732179874821 0.040316 45
1732179875205 0.34221 46
1732179875583 0.730356 47
1732179875968 1.137801 48
1732179876362 0.622732 49
1732179876759 1.091707 50
1732179877137 0.373094 51
1732179877529 -0.178674 52
1732179877947 0.828109 53
1732179878322 0.838237 54
1732179878717 0.042254 55
1732179879120 0.262368 56
1732179879542 0.272462 57
