1731298958813 0.164901 0
1731298959382 -0.220246 1
1731298959894 -0.405992 2
1731298960283 -0.175856 3
1731298960678 -0.463395 4
1731298961058 -0.500717 5
1731298961494 -0.586638 6
1731298961984 -2.138969 7
1731298962416 -0.028651 8
1731298962865 -0.88478 9
1731298963281 -0.762318 10
1731298963742 0.098421 11
1731298964306 -1.040363 12
1731298964768 0.061633 13
1731298965201 -0.072271 14
1731298965606 -0.536053 15
1731298966074 -0.174365 16
1731298966612 -0.09075 17
1731298966953 -1.427954 18
1731298967385 0.078694 19
1731298967788 -0.118969 20
1731298968204 -0.110799 21
1731298968718 -1.020665 22
1731298969136 0.009525 23
1731298969609 0.116332 24
1731298970029 -0.017248 25
1731298970438 -0.811499 26
1731298970956 -0.493147 27
1731298971425 -0.1805 28
1731298971922 0.083802 29
1731298972330 -0.058595 30
1731298972786 -0.069063 31
1731298973239 -0.14646 32
1731298973656 -1.207283 33
1731298974125 -0.09062 34
1731298974625 -0.052201 35
1731298975083 -0.085907 36
1731298975514 0.045995 37
1731298975938 -0.032817 38
1731298976369 -0.052087 39
1731298976917 -0.090352 40
1731298977346 -0.779244 41
1731298977749 -0.282179 42
1731298978180 -0.911859 43
1731298978637 -0.125548 44
1731298979034 -0.114471 45
1731298979445 -0.947927 46
1731298979857 -0.03466 47
1731298980310 -0.426471 48
1731298980673 -0.155237 49
1731298981145 -0.878119 50
1731298981594 -0.784853 51
1731298982004 -0.037474 52
1731298982446 -0.262925 53
1731298982865 -0.041346 54
1731298983330 -0.498873 55
1731298983735 -0.060479 56
1731298984160 -1.257552 57
1731298984522 0.29278 58
1731298984968 -1.338747 59
1731298985407 -0.499837 60
1731298985814 -0.481611 61
1731298986201 -0.110581 62
1731298986647 -0.035079 63
1731298987101 -0.990039 64
1731298987524 -0.197311 65
1731298987954 -0.256251 66
1731298988400 -0.075899 67
1731298988841 -0.527852 68
1731298989292 -0.244157 69
1731298989751 -0.647824 70
1731298990220 -0.616681 71
1731298990652 -0.178476 72
1731298991113 0.269854 73
1731298991534 0.103214 74
1731298991920 -0.712529 75
1731298992370 -0.657747 76
1731298992824 -0.755635 77
1731298993351 -0.173378 78
1731298993809 -0.722802 79
1731298994286 -0.229544 80
1731298994738 -1.276599 81
1731298995190 -0.690645 82
1731298995639 -0.016126 83
1731298996038 0.028285 84
1731298996465 -0.139724 85
1731298996926 0.007134 86
1731298997368 -1.21682 87
1731298997789 -0.842637 88
1731298998225 -0.158055 89
1731298998663 -0.638048 90
1731298999099 -0.80022 91
1731298999596 -0.179014 92
1731299000100 -0.743003 93
1731299000544 -0.848237 94
1731299001017 -0.307902 95
1731299001492 -0.860941 96
1731299001944 -0.173129 97
1731299002388 -0.461536 98
1731299002851 -0.799341 99
1731299003285 -0.304689 100
1731299003759 -0.196109 101
1731299004168 -0.194024 102
1731299004538 -0.672446 103
1731299004970 -0.931983 104
1731299005391 -0.168911 105
1731299005834 -0.200311 106
1731299006298 -0.263072 107
1731299006725 -0.059766 108
1731299007074 -0.659964 109
1731299007477 -0.199171 110
1731299007960 -0.404652 111
1731299008418 -0.22823 112
1731299008919 -0.276425 113
1731299009355 -0.696491 114
1731299009744 -0.146599 115
1731299010218 -0.400014 116
1731299010584 -0.129081 117
1731299010935 -0.644462 118
1731299011441 -0.943705 119
1731299011865 -0.811471 120
1731299012329 -0.354447 121
1731299012734 -0.350166 122
1731299013168 -0.307374 123
1731299013546 -0.529942 124
1731299013976 -0.32445 125
1731299014473 -0.904191 126
1731299014986 -0.320612 127
1731299015495 -0.334929 128
1731299015962 -0.893138 129
1731299016319 -0.320945 130
1731299016820 -0.276909 131
1731299017282 -0.871884 132
1731299017636 -0.833494 133
1731299018027 -0.332944 134
1731299018385 -0.706614 135
1731299018803 -0.323096 136
1731299019141 -0.324471 137
1731299019644 -0.339653 138
1731299020073 -1.048119 139
1731299020435 -0.166876 140
1731299020865 -0.952269 141
1731299021298 -0.246745 142
1731299021634 -0.801402 143
1731299022105 -0.097822 144
1731299022495 0.072153 145
1731299023010 -0.050023 146
1731299023546 -0.576427 147
1731299023953 -0.063604 148
1731299024280 -0.539089 149
1731299024637 -0.75492 150
1731299025068 -0.194253 151
1731299025529 -1.002302 152
1731299025858 -0.076913 153
1731299026279 -0.204631 154
1731299026678 -0.937014 155
1731299027196 -0.487961 156
1731299027696 -0.45202 157
1731299028156 -0.265434 158
1731299028634 -0.944149 159
1731299029115 -0.209031 160
1731299029542 -0.880046 161
1731299029942 -0.000531 162
1731299030415 -0.825289 163
1731299030849 -0.044524 164
1731299031351 0.163008 165
1731299031863 -0.200886 166
1731299032216 -0.824544 167
1731299032667 -0.615016 168
1731299033071 0.011246 169
1731299033419 0.054544 170
1731299033802 0.097875 171
1731299034265 -0.32234 172
1731299034750 -0.594505 173
1731299035127 -0.661656 174
1731299035534 0.027639 175
1731299035879 -0.033167 176
1731299036361 0.015716 177
1731299036808 -0.841639 178
1731299037282 -0.051455 179
1731299037675 -0.168499 180
1731299038103 -1.129471 181
1731299038602 -0.126054 182
1731299038957 -0.906197 183
1731299039439 -0.956749 184
1731299039868 0.02 185
1731299040331 -0.021706 186
1731299040795 0.001158 187
1731299041137 -0.187609 188
1731299041606 -0.028334 189
1731299042023 -0.120695 190
1731299042458 -0.766691 191
1731299042893 -0.093496 192
1731299043358 -0.01146 193
1731299043699 -0.022602 194
1731299044118 -0.569175 195
1731299044562 -0.913021 196
1731299044979 -1.255628 197
1731299045379 -1.091329 198
1731299045814 -0.528855 199
1731299046288 -0.818404 200
1731299046757 -1.167726 201
1731299047182 -1.000944 202
1731299047628 -0.511747 203
1731299048160 -1.172437 204
1731299048599 -0.179719 205
1731299049018 -0.005754 206
1731299049436 -0.389132 207
1731299049885 -0.541261 208
1731299050302 -1.032187 209
1731299050832 -0.952915 210
1731299051222 -0.205185 211
1731299051694 -0.184264 212
1731299052215 -0.35466 213
1731299052646 -0.849844 214
1731299053042 -0.362091 215
1731299053490 -0.257826 216
1731299053890 -1.129902 217
1731299054321 -0.329307 218
1731299054775 -0.358956 219
1731299055211 -0.860962 220
1731299055669 -0.684927 221
1731299056138 -0.254681 222
1731299056532 -0.265906 223
1731299056955 -0.118804 224
1731299057519 -0.934987 225
1731299057912 -0.435558 226
1731299058363 -0.440507 227
1731299058856 -0.295424 228
1731299059263 -0.630644 229
1731299059778 -0.417832 230
1731299060199 -0.41193 231
1731299060633 -0.535526 232
1731299061119 -0.236982 233
1731299061572 -0.064244 234
1731299061942 -0.351051 235
1731299062434 -0.203251 236
1731299062911 -0.305709 237
1731299063342 -0.353707 238
1731299063789 -0.188286 239
1731299064195 -0.726224 240
1731299064648 -0.41311 241
1731299065125 -0.418755 242
1731299065597 -0.605215 243
1731299066027 -0.394783 244
1731299066477 -0.211738 245
1731299066948 -0.551907 246
1731299067391 -0.271417 247
1731299067872 -0.85868 248
1731299068276 -0.282577 249
1731299068713 -0.165211 250
1731299069074 -0.080429 251
1731299069534 -0.167032 252
1731299069988 -0.120565 253
1731299070445 -0.348229 254
1731299070926 -0.17478 255
1731299071315 0.012163 256
1731299071862 -0.234743 257
1731299072313 -0.739575 258
1731299072752 -0.868633 259
1731299073123 -0.80418 260
1731299073588 -0.102658 261
1731299074072 -0.13738 262
1731299074463 -0.156958 263
1731299074951 -0.295368 264
1731299075396 -0.755555 265
1731299075815 -0.787419 266
1731299076258 -0.284247 267
1731299076708 -0.474837 268
1731299077165 -0.184776 269
1731299077563 0.056645 270
1731299077941 -0.027046 271
1731299078361 -0.52238 272
1731299078801 -0.57475 273
1731299079263 -0.606818 274
1731299079724 -0.245097 275
1731299080201 -0.643834 276
1731299080659 -0.462577 277
1731299081068 -0.552497 278
1731299081471 -0.71097 279
1731299081933 -0.652444 280
1731299082349 -0.445256 281
1731299082771 -0.436307 282
1731299083155 -0.248607 283
1731299083636 -0.319092 284
1731299084109 -0.381757 285
1731299084532 -0.890317 286
1731299084945 -0.204042 287
1731299085402 -0.137986 288
1731299085839 -0.292407 289
1731299086232 -0.407596 290
1731299086678 -0.564493 291
1731299087156 -0.118565 292
1731299087617 -0.880644 293
1731299088144 -0.300294 294
1731299088590 -0.794914 295
1731299089056 -0.349696 296
1731299089524 -0.530303 297
1731299089985 -0.262385 298
1731299090408 -0.596151 299
1731299090861 -0.774849 300
1731299091274 -0.830888 301
1731299091739 -0.741373 302
1731299092175 -0.030362 303
1731299092602 -0.848259 304
1731299093034 -0.26435 305
1731299093569 0.366977 306
1731299094004 0.262067 307
1731299094491 -0.012032 308
1731299094993 -0.582577 309
1731299095427 -0.717072 310
1731299095878 -0.169156 311
1731299096300 -1.27954 312
1731299096814 -0.44205 313
1731299097243 -0.652697 314
1731299097664 0.003734 315
1731299098111 -0.40733 316
1731299098542 -0.120634 317
1731299098989 -0.209945 318
1731299099353 -0.799438 319
1731299099808 -0.811294 320
1731299100240 -0.125355 321
1731299100680 -0.281736 322
1731299101107 -0.707121 323
1731299101538 -0.041005 324
1731299101961 -0.443626 325
1731299102409 -0.078523 326
1731299102818 -0.00558 327
1731299103256 0.062093 328
1731299103683 0.264844 329
1731299104130 -0.480143 330
1731299104574 -0.272266 331
1731299104969 -0.600806 332
1731299105341 -0.193913 333
1731299105769 -0.495908 334
1731299106188 0.122679 335
1731299106619 -0.485358 336
1731299107040 -0.319707 337
1731299107475 -0.044222 338
1731299107904 -0.193259 339
1731299108330 0.040203 340
1731299108753 0.123587 341
1731299109207 -0.072757 342
1731299109613 -0.263433 343
1731299110112 0.29904 344
1731299110533 0.203489 345
1731299110979 0.015362 346
1731299111426 -0.236087 347
1731299111821 -0.605654 348
1731299112234 0.007809 349
1731299112703 -0.175911 350
1731299113112 -0.455987 351
1731299113579 -0.021166 352
1731299114035 -0.051247 353
1731299114494 -0.028875 354
1731299114926 -0.181478 355
1731299115440 -0.123794 356
1731299115868 -0.031014 357
1731299116285 0.684069 358
1731299116665 0.415832 359
1731299117117 0.386619 360
1731299117604 0.656981 361
1731299118045 0.264817 362
1731299118408 0.061987 363
1731299118820 -0.026553 364
1731299119196 -0.440133 365
1731299119611 -0.265413 366
1731299120037 0.264666 367
1731299120457 -0.358489 368
1731299120892 -0.148992 369
1731299121314 -0.369532 370
1731299121739 -0.548561 371
1731299122172 -0.123045 372
1731299122650 -0.170323 373
1731299123091 0.063393 374
1731299123556 -0.476969 375
1731299124001 -0.243659 376
1731299124430 -0.358791 377
1731299124844 -0.05695 378
1731299125266 -0.391452 379
1731299125679 0.001835 380
1731299126068 -0.704425 381
1731299126531 -0.337419 382
1731299126971 -0.614338 383
1731299127421 -0.501538 384
1731299127819 -0.040017 385
1731299128244 0.055102 386
1731299128631 -0.288424 387
1731299129042 -0.121306 388
1731299129469 -0.396478 389
1731299129878 -0.292498 390
1731299130305 -0.234586 391
1731299130729 -0.260366 392
1731299131265 -0.184818 393
1731299131718 -0.532144 394
1731299132189 -0.145602 395
1731299132731 -0.695332 396
1731299133236 -0.008964 397
1731299133721 -0.108551 398
1731299134226 -0.558414 399
1731299134696 0.428801 400
1731299135118 0.084628 401
1731299135558 -0.307946 402
1731299135982 -0.009303 403
1731299136388 -0.037636 404
1731299136802 -0.572919 405
1731299137253 0.042345 406
1731299137660 -0.296373 407
1731299138045 0.354477 408
1731299138456 0.055599 409
1731299138872 -0.555742 410
1731299139298 -0.049344 411
1731299139755 -0.27139 412
1731299140190 -0.165013 413
1731299140628 -0.426957 414
1731299141066 -0.487359 415
1731299141466 -0.413767 416
1731299141911 -0.315554 417
1731299142290 -0.314863 418
1731299142683 0.080398 419
1731299143138 -0.418768 420
1731299143536 -0.062503 421
1731299143940 -0.02876 422
1731299144361 0.077194 423
1731299144790 -0.447979 424
1731299145204 0.528358 425
1731299145627 -0.554396 426
1731299146034 0.339157 427
1731299146433 -0.531007 428
1731299146875 -0.626535 429
1731299147271 -0.027964 430
1731299147721 -0.203064 431
1731299148159 -0.068349 432
1731299148523 -0.724408 433
1731299148971 0.002819 434
1731299149418 -0.048006 435
1731299149800 -0.58164 436
1731299150180 -0.377219 437
1731299150616 0.005724 438
1731299151059 0.41385 439
1731299151480 -0.062317 440
1731299151900 -0.110435 441
1731299152375 -0.272149 442
1731299152775 -0.329192 443
1731299153218 -0.337283 444
1731299153682 -0.119102 445
1731299154101 -0.048194 446
1731299154559 -0.258869 447
1731299155083 -0.007759 448
1731299155459 -0.109012 449
1731299155901 0.075202 450
1731299156324 -0.584681 451
1731299156750 -0.673373 452
1731299157172 -0.323462 453
1731299157609 -0.472158 454
1731299158017 -0.057759 455
1731299158434 -0.270748 456
1731299158898 -0.073323 457
1731299159363 -0.277491 458
1731299159764 0.074939 459
1731299160273 -0.102971 460
1731299160730 -0.144384 461
1731299161125 -0.153383 462
1731299161509 0.039663 463
1731299161968 -0.200319 464
1731299162397 -0.156109 465
1731299162763 -0.44006 466
1731299163203 -0.500841 467
1731299163605 -0.106932 468
1731299164061 -0.067255 469
1731299164517 -0.274275 470
1731299164986 0.038526 471
1731299165390 -0.165521 472
1731299165904 -0.517625 473
1731299166297 0.170194 474
1731299166716 -0.184785 475
1731299167176 -0.153535 476
1731299167580 -0.5955 477
1731299168058 -0.025192 478
1731299168481 -0.707975 479
1731299168888 -0.166623 480
1731299169259 0.221632 481
1731299169624 -0.388019 482
1731299170036 -0.341743 483
1731299170463 -0.153262 484
1731299170854 -0.21597 485
1731299171292 -0.124645 486
1731299171700 -0.26043 487
1731299172062 -0.281909 488
1731299172474 -0.147235 489
1731299172918 0.167804 490
1731299173344 -0.313198 491
1731299173715 0.287069 492
1731299174161 -0.629628 493
1731299174617 -0.30267 494
1731299175026 -0.23545 495
1731299175401 -0.418741 496
1731299175898 -0.354912 497
1731299176338 0.056034 498
1731299176797 -0.47886 499
1731299177202 -0.264346 500
1731299177627 0.192038 501
1731299178084 -0.250259 502
1731299178479 0.153803 503
1731299178826 -0.032119 504
1731299179267 -0.723416 505
1731299179702 0.011729 506
1731299180130 -0.285281 507
1731299180548 -0.230566 508
1731299181019 -0.399542 509
1731299181413 -0.242225 510
1731299181857 0.001246 511
1731299182233 -0.287013 512
1731299182680 0.049313 513
1731299183092 -0.440775 514
1731299183494 0.062704 515
1731299183874 -0.586951 516
1731299184236 -0.156205 517
1731299184607 -0.161726 518
1731299185047 -0.297402 519
1731299185466 -0.110603 520
1731299185848 -0.256081 521
1731299186235 0.011023 522
1731299186641 -0.122879 523
1731299187099 -0.005415 524
1731299187478 -0.272363 525
1731299187869 -0.071211 526
1731299188282 0.178334 527
1731299188698 -0.195945 528
1731299189136 -0.152307 529
1731299189550 -0.634389 530
1731299189965 -0.183608 531
1731299190454 0.104083 532
1731299190903 -0.34447 533
1731299191307 -0.141148 534
1731299191719 -0.082609 535
1731299192062 -0.029658 536
1731299192536 -0.349212 537
1731299192956 -0.105335 538
1731299193397 -0.264374 539
1731299193854 -0.195803 540
1731299194298 -0.446112 541
1731299194710 0.034882 542
1731299195196 -0.165896 543
1731299195596 -0.359857 544
1731299196004 -0.12749 545
1731299196410 -0.19339 546
1731299196851 0.021601 547
1731299197312 -0.077077 548
1731299197701 -0.226517 549
1731299198099 -0.177267 550
1731299198518 -0.341369 551
1731299198982 -0.09947 552
1731299199467 -0.015885 553
1731299199900 -0.095917 554
1731299200313 -0.559865 555
1731299200752 -0.110785 556
1731299201218 0.135549 557
1731299201654 -0.156118 558
1731299202123 -0.551644 559
1731299202538 -0.18229 560
1731299202953 -0.151737 561
1731299203390 -0.182028 562
1731299203884 -0.143708 563
1731299204253 -0.063098 564
1731299204672 0.238728 565
1731299205120 -0.319567 566
1731299205533 -0.046732 567
1731299205921 -0.054855 568
1731299206374 -0.130988 569
1731299206731 -0.186989 570
1731299207146 -0.145901 571
1731299207564 -0.765137 572
1731299208007 0.03479 573
1731299208423 -0.130483 574
1731299208862 -0.31909 575
1731299209284 -0.074728 576
1731299209644 -0.105524 577
1731299210032 -0.019766 578
1731299210523 -0.067404 579
1731299210864 -0.376661 580
1731299211272 -0.347672 581
1731299211711 -0.175728 582
1731299212160 -0.85389 583
1731299212569 -0.492474 584
1731299212994 -0.536918 585
1731299213467 -0.242283 586
1731299213917 -0.282605 587
1731299214338 -0.292619 588
1731299214739 -0.391548 589
1731299215201 -0.026188 590
1731299215622 0.013023 591
1731299216035 -0.140533 592
1731299216406 -0.131138 593
1731299216843 -0.28652 594
1731299217225 -0.357429 595
1731299217661 -0.179505 596
1731299218085 -0.097782 597
1731299218531 -0.73981 598
1731299218919 0.170922 599
1731299219389 -0.111311 600
1731299219840 -0.278749 601
1731299220365 -0.00203 602
1731299220825 -0.235009 603
1731299221257 -0.473253 604
1731299221759 -0.396421 605
1731299222142 -0.462574 606
1731299222564 -0.059156 607
1731299223018 -0.189396 608
1731299223425 -0.318634 609
1731299223877 -0.330438 610
1731299224360 -0.57155 611
1731299224768 -0.068608 612
1731299225253 -0.030817 613
1731299225753 -0.301233 614
1731299226276 0.010929 615
1731299226717 -0.433344 616
1731299227168 -0.083504 617
1731299227665 -0.135429 618
1731299228172 -0.322451 619
1731299228621 -0.161056 620
1731299229045 -0.50127 621
1731299229509 -0.201384 622
1731299229949 -0.446187 623
1731299230294 -0.168098 624
1731299230745 -0.151194 625
1731299231208 -0.201959 626
1731299231687 -0.629261 627
1731299232111 -0.173503 628
1731299232579 -0.242963 629
1731299233034 -0.033561 630
1731299233521 -0.066622 631
1731299233859 -0.755575 632
1731299234308 -0.400246 633
1731299234759 -0.452536 634
1731299235231 -0.532533 635
1731299235543 -0.278702 636
1731299235985 -0.611319 637
1731299236441 -0.002975 638
1731299236787 -0.109553 639
1731299237275 -0.523632 640
1731299237752 -0.623041 641
1731299238098 0.094697 642
1731299238591 -0.146452 643
1731299239064 0.230701 644
1731299239493 -0.510587 645
1731299239926 -0.144103 646
1731299240401 -0.232268 647
1731299240870 -0.118262 648
1731299241264 -0.32317 649
1731299241730 -0.183831 650
1731299242227 -0.328719 651
1731299242649 -0.284443 652
1731299243107 -0.546685 653
1731299243555 0.208216 654
1731299244040 -0.326111 655
1731299244519 -0.102411 656
1731299244944 -0.575547 657
1731299245312 -0.430748 658
1731299245777 -0.363468 659
1731299246286 -0.018018 660
1731299246748 -0.291171 661
1731299247150 -0.080279 662
1731299247600 0.046257 663
1731299248080 -0.668403 664
1731299248550 -0.155687 665
1731299249036 -0.08301 666
1731299249534 -0.011247 667
1731299249963 -0.094725 668
1731299250376 -0.082475 669
1731299250805 -0.31499 670
1731299251253 -0.394766 671
1731299251721 -0.028368 672
1731299252118 -0.093205 673
1731299252606 -0.193539 674
1731299253102 0.020353 675
1731299253551 -0.043302 676
1731299253961 -0.450986 677
1731299254403 -0.114895 678
1731299254910 -0.451423 679
1731299255362 -0.068784 680
1731299255827 -0.583644 681
1731299256293 -0.313202 682
1731299256706 -0.09986 683
1731299257188 -0.026202 684
1731299257694 0.003044 685
1731299258131 -0.130415 686
1731299258578 -0.485344 687
1731299258987 -0.740848 688
1731299259395 -0.558149 689
1731299259877 -0.527708 690
1731299260368 -0.017229 691
1731299260872 -0.512373 692
1731299261374 -0.677904 693
1731299261847 -0.158433 694
1731299262310 -0.340658 695
1731299262790 0.147868 696
1731299263176 -0.04993 697
1731299263651 -0.606435 698
1731299264105 -0.624856 699
1731299264611 -0.063932 700
1731299265061 -0.088954 701
1731299265502 -0.388606 702
1731299265980 -0.501546 703
1731299266450 -0.189288 704
1731299266859 -0.118719 705
1731299267302 -0.121949 706
1731299267675 -0.599652 707
1731299268131 -0.75948 708
1731299268562 -0.153332 709
1731299269051 -0.326066 710
1731299269551 -0.013869 711
1731299269958 -0.133325 712
1731299270430 -0.32962 713
1731299270873 -0.085711 714
1731299271383 -0.218959 715
1731299271839 -0.012297 716
1731299272287 -0.127568 717
1731299272732 0.077162 718
1731299273172 -0.438755 719
1731299273615 -0.164568 720
1731299274064 -0.185667 721
1731299274516 -0.018367 722
1731299274910 -0.339439 723
1731299275368 -0.115392 724
1731299275776 -0.549529 725
1731299276231 -0.168074 726
1731299276702 -0.13869 727
1731299277127 0.05347 728
1731299277555 -0.004163 729
1731299278028 -0.718779 730
1731299278389 -0.517324 731
1731299278847 0.015087 732
1731299279271 -0.155569 733
1731299279769 -0.235351 734
1731299280220 -0.26827 735
1731299280622 -0.42308 736
1731299281021 0.043445 737
1731299281480 0.138376 738
1731299281882 -0.027139 739
1731299282305 -0.176679 740
1731299282767 -0.26266 741
1731299283144 -0.023421 742
1731299283588 -0.028968 743
1731299283985 -0.844744 744
1731299284352 -0.283649 745
1731299284820 -0.316461 746
1731299285257 -0.1879 747
1731299285700 -0.098377 748
1731299286170 -0.594686 749
1731299286543 -0.237333 750
1731299287014 0.210703 751
1731299287449 0.023852 752
1731299287883 -0.113991 753
1731299288386 -0.045802 754
1731299288802 -0.374954 755
1731299289262 -0.107845 756
1731299289697 0.015873 757
1731299290145 0.412809 758
1731299290583 -0.239871 759
1731299291104 -0.106573 760
1731299291542 -0.094589 761
1731299291929 -0.446402 762
1731299292350 -0.099343 763
1731299292836 -0.166193 764
1731299293315 -0.328458 765
1731299293771 -0.445286 766
1731299294265 -0.101911 767
1731299294759 -0.563657 768
1731299295155 -0.226475 769
1731299295676 -0.256815 770
1731299296133 -0.451267 771
1731299296562 -0.622806 772
1731299297026 -0.127934 773
1731299297492 -0.276912 774
1731299298013 -0.494911 775
1731299298408 -0.013261 776
1731299298909 -0.161235 777
1731299299355 -0.009533 778
1731299299792 -0.101369 779
1731299300215 0.239989 780
1731299300677 -0.324689 781
1731299301099 -0.481088 782
1731299301625 -0.045634 783
1731299302197 -0.104247 784
1731299302707 0.093704 785
1731299303178 -0.171489 786
1731299303627 -0.34987 787
1731299304131 -0.306314 788
1731299304498 0.03404 789
1731299304926 -0.530174 790
1731299305367 0.116973 791
1731299305846 -0.323143 792
1731299306381 -0.201923 793
1731299306929 -0.478429 794
1731299307458 -0.111646 795
1731299307975 -0.263561 796
1731299308468 -0.190097 797
1731299308937 -0.142695 798
1731299309395 -0.153814 799
1731299309958 -0.479569 800
1731299310409 -0.390629 801
1731299310842 -0.333062 802
1731299311284 -0.087199 803
1731299311797 0.099083 804
1731299312199 -0.201045 805
1731299312702 -0.136291 806
1731299313166 -0.250517 807
1731299313680 -0.554527 808
1731299314189 -0.477131 809
1731299314609 -0.332065 810
1731299315091 -0.24243 811
1731299315576 0.102291 812
1731299315956 -0.216469 813
1731299316440 -0.114241 814
1731299316872 -0.03904 815
1731299317356 -0.485945 816
1731299317798 -0.130693 817
1731299318288 -0.294759 818
1731299318748 -0.075053 819
1731299319142 -0.659386 820
1731299319578 0.037179 821
1731299320036 -0.080488 822
1731299320522 0.067859 823
1731299320941 -0.096083 824
1731299321405 -0.284856 825
1731299321851 -0.16084 826
1731299322331 -0.209571 827
1731299322787 -0.101396 828
1731299323222 -0.355077 829
1731299323689 -0.390299 830
1731299324133 -0.263133 831
1731299324600 -0.00153 832
1731299325050 -0.08165 833
1731299325470 0.003339 834
1731299325889 0.386511 835
1731299326297 -0.716502 836
1731299326777 -0.326305 837
1731299327179 -0.292494 838
1731299327644 -0.172961 839
1731299328084 0.245042 840
1731299328554 -0.021307 841
1731299329003 -0.067787 842
1731299329541 -0.369781 843
1731299329993 0.024623 844
1731299330471 -0.29399 845
1731299330955 -0.294023 846
1731299331393 -0.149028 847
1731299331841 -0.133574 848
1731299332325 -0.544819 849
1731299332790 0.050731 850
1731299333295 -0.124803 851
1731299333726 -0.103844 852
1731299334144 0.110518 853
1731299334553 -0.277145 854
1731299335010 -0.159954 855
1731299335513 0.08794 856
1731299335985 -0.434231 857
1731299336436 -0.0963 858
1731299336953 -0.377873 859
1731299337429 -0.729544 860
1731299337880 -0.411888 861
1731299338373 -0.177709 862
1731299338819 -0.259364 863
1731299339271 -0.111361 864
1731299339806 -0.289287 865
1731299340258 -0.509941 866
1731299340740 -0.097354 867
1731299341193 -0.269453 868
1731299341684 -0.491073 869
1731299342235 -0.145856 870
1731299342734 -0.496162 871
1731299343198 -0.196263 872
1731299343659 0.006545 873
1731299344091 -0.089379 874
1731299344543 -0.004253 875
1731299344967 -0.047343 876
1731299345441 -0.071087 877
1731299345925 -0.327385 878
1731299346327 0.043822 879
1731299346722 -0.081782 880
1731299347223 -0.029407 881
1731299347703 -0.389991 882
1731299348097 -0.186407 883
1731299348534 -0.660775 884
1731299348986 -0.360723 885
1731299349452 -0.19211 886
1731299349932 -0.432777 887
1731299350341 -0.507081 888
1731299350817 -0.102784 889
1731299351271 -0.072834 890
1731299351709 -0.585501 891
1731299352242 -0.413003 892
1731299352677 -0.148591 893
1731299353127 -0.193813 894
1731299353696 -0.432138 895
1731299354144 -0.074847 896
1731299354635 -0.318473 897
1731299355089 -0.492306 898
1731299355528 -0.1624 899
1731299355957 0.087525 900
1731299356496 0.077713 901
1731299356918 -0.121678 902
1731299357363 -0.424023 903
1731299357858 -0.229935 904
1731299358319 0.109376 905
1731299358728 -0.020465 906
1731299359205 -0.146642 907
1731299359652 -0.247106 908
1731299360087 -0.724626 909
1731299360573 -0.322734 910
1731299361034 -0.478341 911
1731299361468 -0.161056 912
1731299361919 -0.613637 913
1731299362422 0.528903 914
1731299362882 0.303354 915
1731299363292 -0.112886 916
1731299363742 -0.018178 917
1731299364209 -0.457959 918
1731299364703 -0.339539 919
1731299365115 -0.164435 920
1731299365627 -0.19243 921
1731299366016 -0.199755 922
1731299366364 -0.02961 923
1731299366805 -0.148668 924
1731299367212 -0.166579 925
1731299367570 -0.031702 926
1731299367968 0.186788 927
1731299368413 -0.096335 928
1731299368831 -0.668601 929
1731299369266 -0.305724 930
1731299369689 -0.487561 931
1731299370173 -0.104073 932
1731299370588 -0.630169 933
1731299371061 -0.530122 934
1731299371507 -0.243598 935
1731299371872 -0.103494 936
1731299372247 -0.434022 937
1731299372820 -0.797386 938
1731299373336 -0.26208 939
1731299373779 -0.242444 940
1731299374222 -0.415611 941
1731299374644 -0.138048 942
1731299375121 -0.529236 943
1731299375470 -0.030195 944
1731299375850 -0.092503 945
1731299376231 -0.683397 946
1731299376692 -0.123227 947
1731299377123 0.352457 948
1731299377683 -0.364733 949
1731299378067 -0.177884 950
1731299378626 -0.533938 951
1731299379113 -0.704999 952
1731299379637 -0.045708 953
1731299380090 -0.155527 954
1731299380517 -0.298303 955
1731299380958 -0.475247 956
1731299381382 0.023506 957
1731299381886 -0.501964 958
1731299382288 -0.662033 959
1731299382656 -0.566793 960
1731299383108 -0.740833 961
1731299383580 -0.182803 962
1731299383949 -0.140202 963
1731299384321 -0.129434 964
1731299384705 -0.354367 965
1731299385218 -0.253647 966
1731299385628 -0.046547 967
1731299386013 -0.006704 968
1731299386459 -0.134751 969
1731299386908 -0.037124 970
1731299387291 -0.215677 971
1731299387697 -0.080573 972
1731299388146 -0.221399 973
1731299388618 -0.298928 974
1731299389044 0.287765 975
1731299389433 0.032804 976
1731299389914 -0.150633 977
1731299390368 -0.427326 978
1731299390767 -0.118483 979
1731299391264 0.140763 980
1731299391733 -0.113638 981
1731299392167 -0.171335 982
1731299392573 -0.010896 983
1731299393050 0.090829 984
1731299393555 -0.439419 985
1731299393977 0.021949 986
1731299394374 -0.215288 987
1731299394856 -0.109586 988
1731299395332 -0.423931 989
1731299395758 -0.506878 990
1731299396247 -0.687487 991
1731299396680 -0.111084 992
1731299397166 -0.24518 993
1731299397604 -0.009824 994
1731299398092 0.028642 995
1731299398670 -0.171895 996
1731299399167 -0.301817 997
1731299399574 -0.185362 998
1731299399968 -0.100078 999
