1730781623745 108.481339 3
1730781625226 -87.517303 7
1730781626585 493.789825 11
1730781627771 139.556885 15
1730781629207 113.368584 19
1730781630642 68.622116 23
1730781632054 89.44146 27
1730781633326 -44.819771 31
1730781634741 38.7854 35
1730781635999 79.985023 39
1730781637267 218.031113 43
1730781638634 36.613823 47
1730781639947 344.661469 51
1730781641160 50.315086 55
1730781642572 14.341284 59
1730781643828 -17.816481 63
1730781645252 -7.926463 67
1730781646472 14.750864 71
1730781647956 -92.225616 75
1730781649128 -69.270271 79
1730781650510 232.321899 83
1730781651817 -67.835342 87
1730781653105 49.527477 91
1730781654457 57.441761 95
1730781655839 -0.621812 99
1730781657246 202.769287 103
1730781658566 290.619812 107
1730781659728 296.344299 111
1730781660948 -48.480759 115
1730781662158 27.059092 119
1730781663517 62.843655 123
1730781664835 -0.399615 127
1730781666211 -1.251387 131
1730781667204 -28.821032 135
1730781668465 12.589488 139
1730781669659 44.286629 143
1730781670919 80.768356 147
1730781672038 65.733467 151
1730781673447 10.065306 155
1730781674658 -33.294971 159
1730781675909 353.166321 163
1730781676967 -12.854346 167
1730781678271 267.362915 171
1730781679466 -63.863853 175
1730781680805 -32.979473 179
1730781682014 177.310379 183
1730781683245 -31.055824 187
1730781684335 51.776188 191
1730781685605 37.119934 195
1730781686757 151.84024 199
1730781688097 351.339752 203
1730781689422 184.612305 207
1730781690847 165.908585 211
1730781692165 -15.51326 215
1730781693593 8.609879 219
1730781694769 -64.776199 223
1730781696221 337.955841 227
1730781697495 -88.750969 231
1730781698801 -81.32457 235
1730781699967 181.772598 239
1730781701324 48.36845 243
1730781702544 65.415039 247
1730781703872 300.617249 251
1730781705163 444.581696 255
1730781706505 65.526108 259
1730781707844 110.869965 263
1730781709236 177.587875 267
1730781710381 -1.565085 271
1730781711838 42.019352 275
1730781713300 104.530563 279
1730781714553 31.842213 283
1730781715836 5.349753 287
1730781717206 90.486626 291
1730781718477 -50.946232 295
1730781719784 120.2547 299
1730781720824 90.714378 303
1730781722176 130.053909 307
1730781723485 226.598083 311
1730781724962 49.122505 315
1730781726327 -40.944328 319
1730781727565 -23.032455 323
1730781728887 80.113976 327
1730781730263 54.210453 331
1730781731713 -13.184214 335
1730781733360 0.395597 339
1730781735042 61.956642 343
1730781736571 135.385849 347
1730781737859 -146.184387 351
1730781739277 74.233025 355
1730781740656 164.102478 359
1730781742237 -79.581024 363
1730781743654 384.770538 367
1730781745092 199.898361 371
1730781746496 183.342865 375
1730781747928 -13.01008 379
1730781749155 72.542 383
1730781750611 32.943157 387
1730781752017 156.916092 391
1730781753422 94.606216 395
1730781754647 240.147217 399
1730781755980 -63.78199 403
1730781757101 32.263596 407
1730781758433 135.715912 411
1730781759715 90.673409 415
1730781761130 262.86441 419
1730781762557 61.858749 423
1730781763904 40.973957 427
1730781765309 -46.558945 431
1730781766655 206.09462 435
1730781767900 196.218018 439
1730781769355 31.557985 443
1730781770645 41.941711 447
1730781771987 227.032761 451
1730781773418 171.186081 455
1730781774962 212.395935 459
1730781776330 -88.06163 463
1730781777838 -14.31382 467
1730781779375 195.106689 471
1730781780802 93.984688 475
1730781781983 185.15538 479
1730781783442 24.722027 483
1730781784710 -30.659801 487
1730781786032 27.333223 491
1730781787216 219.369812 495
1730781788760 -57.38356 499
