1730890454988 80.125473 31
1730890460141 60.986412 63
1730890465286 72.64431 95
1730890470378 297.056915 127
1730890475467 -65.82328 159
1730890480059 64.835251 191
1730890484900 107.51326 223
1730890489861 -91.511932 255
1730890494606 304.958069 287
1730890499792 61.738678 319
1730890505033 102.124008 351
1730890510244 29.668718 383
1730890515425 222.812286 415
1730890520699 -52.036903 447
1730890526007 209.720047 479
1730890531105 6.551623 511
1730890536132 69.139763 543
1730890541138 123.841263 575
1730890546099 253.479675 607
1730890551206 66.950027 639
1730890556532 261.491302 671
1730890561606 -8.211454 703
1730890566691 -84.867409 735
