1731065105329 -0.0244 7
1731065106387 -0.322445 15
1731065107321 -0.234762 23
1731065108377 -0.929231 31
1731065109352 -0.035855 39
1731065110430 -0.327279 47
1731065111442 0.095468 55
1731065112523 -0.142061 63
1731065113527 -0.259916 71
1731065114523 -0.963345 79
1731065115547 -0.373708 87
1731065116572 -0.100507 95
1731065117510 -0.246812 103
1731065118548 -0.976709 111
1731065119521 0.006957 119
1731065120524 0.045146 127
1731065121596 -0.203177 135
1731065122573 -1.16687 143
1731065123498 -1.308362 151
1731065124519 -0.004338 159
1731065125493 -0.048859 167
1731065126450 -0.215792 175
1731065127487 -1.227882 183
1731065128478 -0.315242 191
1731065129474 -0.037745 199
1731065130454 -0.85425 207
1731065131479 -0.020368 215
1731065132518 0.034381 223
1731065133433 0.029136 231
1731065134442 -1.190215 239
1731065135418 -0.777862 247
1731065136385 -0.397267 255
1731065137335 -1.13342 263
1731065138369 -0.190458 271
1731065139306 -0.006521 279
1731065140341 -0.250415 287
1731065141274 -0.989418 295
1731065142241 -0.199644 303
1731065143174 -0.091704 311
1731065144165 -0.830675 319
1731065145168 -0.210095 327
1731065146069 -0.163437 335
1731065147075 -0.992921 343
1731065148112 -0.120245 351
1731065149046 -1.727473 359
1731065149933 -0.101567 367
1731065150874 -0.78554 375
1731065151775 -0.860715 383
1731065152708 -0.298501 391
1731065153646 -0.168155 399
1731065154606 -1.250486 407
1731065155566 -0.380915 415
1731065156526 -0.272121 423
1731065157444 -0.335679 431
1731065158303 -0.249833 439
1731065159261 -0.247059 447
1731065160363 -0.696762 455
1731065161286 -0.34315 463
1731065162270 -0.253275 471
1731065163252 -0.432529 479
1731065164318 -1.201928 487
1731065165282 -0.811036 495
1731065166317 -0.518458 503
1731065167359 -0.944163 511
1731065168347 -0.424921 519
1731065169305 -0.855197 527
1731065170284 -0.231029 535
1731065171189 -0.547702 543
1731065172128 -1.134001 551
1731065173144 -0.992771 559
1731065174093 -1.476754 567
1731065174958 -0.54261 575
1731065175898 -0.57087 583
1731065176853 -1.444952 591
1731065177788 -0.693017 599
1731065178718 -0.527544 607
1731065179600 -1.422224 615
1731065180525 -1.199867 623
1731065181416 -0.756918 631
1731065182331 -1.109014 639
1731065183358 -0.599518 647
1731065184317 -1.33186 655
1731065185241 -1.371739 663
1731065186249 -0.508896 671
1731065187214 -1.276438 679
1731065188179 -0.779957 687
1731065189066 -0.603736 695
1731065190072 -0.813267 703
1731065191067 -0.344401 711
1731065192042 -0.515346 719
1731065193076 -0.434067 727
1731065194024 -0.846077 735
1731065194995 -0.811813 743
1731065196068 -1.63192 751
1731065197002 -0.194794 759
1731065197991 -0.869491 767
1731065198958 -0.580039 775
1731065199934 -0.874935 783
1731065200862 -2.060911 791
1731065201815 -0.417257 799
1731065202770 -0.378319 807
1731065203848 -0.445113 815
1731065204907 -0.972107 823
1731065205882 -0.395829 831
1731065206871 -0.40258 839
1731065207814 -0.54017 847
1731065208720 -1.308169 855
1731065209739 -1.32861 863
1731065210796 -0.614028 871
1731065211802 -0.60512 879
1731065212838 -0.784002 887
1731065213779 -0.854775 895
1731065214775 -1.154185 903
1731065215722 -0.346155 911
1731065216680 -0.685493 919
1731065217637 -0.128486 927
1731065218611 -1.072768 935
1731065219573 -0.828353 943
1731065220564 -1.276623 951
1731065221620 -0.419364 959
1731065222671 -1.484033 967
1731065223702 -0.856391 975
1731065224679 -0.962061 983
1731065225589 -1.376752 991
1731065226527 -1.20222 999
